2	1	100
3	1	54
3	2	78
4	1	73
4	2	27
4	3	30
5	1	31
5	2	4
5	3	1
5	4	67
6	1	67
6	2	4
6	3	2
6	4	1
7	1	31
7	2	3
7	4	1
7	6	66
8	1	3
8	4	5
9	1	5
9	3	2
9	4	5
9	6	5
9	8	52
10	1	40
10	2	6
10	3	8
10	4	3
10	5	2
10	6	22
10	7	14
11	1	8
11	2	1
11	4	3
11	6	4
11	8	3
11	9	3
11	10	1
12	1	7
12	2	1
12	4	1
12	6	5
12	9	1
12	10	2
12	11	34
13	1	19
13	2	4
13	3	3
13	4	2
13	6	6
13	7	1
13	8	1
13	9	1
13	10	13
13	11	25
13	12	34
14	1	33
14	2	12
14	3	2
14	4	3
14	10	3
14	12	1
15	1	9
15	2	32
15	3	17
15	4	1
15	6	1
15	8	1
15	10	3
15	11	1
16	1	16
16	2	1
16	3	2
16	4	4
16	6	25
16	7	16
16	10	28
16	13	2
17	1	27
17	2	4
17	4	24
17	5	25
17	10	3
17	11	1
17	12	2
17	16	1
18	1	26
18	2	5
18	3	1
18	4	3
18	5	1
18	6	4
18	7	7
18	8	8
18	9	9
18	10	2
18	11	2
18	12	1
18	13	3
18	14	19
19	1	21
19	2	26
19	3	14
19	4	3
19	5	9
19	7	2
19	10	1
19	13	3
19	17	1
20	1	7
20	4	17
20	5	25
20	17	5
20	18	1
20	19	3
21	1	25
21	2	6
21	3	1
21	6	13
21	7	1
21	10	1
21	11	1
22	1	22
22	2	7
22	3	18
22	4	23
22	6	1
22	10	9
22	14	7
22	16	4
22	17	1
22	18	1
22	19	3
22	20	1
23	1	21
23	2	14
23	3	5
23	5	1
23	10	1
23	13	2
23	14	3
23	15	1
23	17	1
23	18	2
24	1	21
24	2	4
24	3	4
24	4	5
24	5	3
24	6	10
24	9	3
24	10	2
24	17	1
24	19	3
24	21	4
25	1	9
25	2	3
25	3	4
25	4	21
25	5	2
25	10	1
25	16	1
25	19	1
25	22	3
27	1	17
27	2	20
27	3	6
27	4	1
27	7	1
27	10	2
27	13	1
27	14	2
27	17	2
27	19	8
27	21	1
27	23	1
27	24	2
27	25	1
28	1	7
28	2	2
28	4	20
28	5	12
28	19	2
28	20	1
28	24	1
28	25	10
29	1	14
29	2	12
29	3	7
29	4	2
29	5	1
29	6	5
29	10	2
29	15	1
29	17	1
29	18	3
29	19	4
29	20	1
29	21	2
29	24	4
29	27	20
29	28	1
30	1	10
30	4	2
30	10	2
30	14	19
30	18	12
30	22	5
31	1	16
31	4	2
31	6	14
31	7	19
31	13	1
31	18	1
31	19	1
31	21	2
31	24	3
31	27	1
31	29	2
32	1	15
32	2	18
32	3	7
32	4	5
32	22	1
32	23	2
32	27	1
34	1	12
34	2	4
34	3	1
34	4	2
34	6	4
34	8	2
34	9	4
34	10	18
34	11	1
34	12	1
34	13	13
34	16	13
34	19	8
34	20	1
34	21	2
34	24	2
34	27	8
34	29	13
35	1	13
35	2	3
35	4	1
35	5	1
35	6	3
35	10	1
35	17	1
35	19	2
35	23	1
35	24	4
35	27	6
35	28	1
35	29	18
35	31	2
35	34	2
36	1	2
36	2	17
36	3	6
36	10	1
36	15	15
37	1	17
37	2	5
37	3	2
37	4	1
37	5	1
37	6	7
37	10	1
37	13	1
37	15	1
37	17	4
37	22	1
37	24	6
37	31	1
37	32	2
37	35	1
37	36	1
38	1	17
38	2	3
38	3	6
38	4	11
38	5	1
38	10	3
38	17	7
38	19	1
38	22	1
38	24	2
38	25	5
38	27	2
38	32	1
38	35	5
38	37	13
39	1	7
39	2	1
39	4	5
39	6	6
39	13	1
39	19	1
39	24	4
39	29	9
39	31	3
39	34	2
39	35	6
40	1	14
40	2	4
40	6	6
40	10	2
40	13	2
40	24	5
40	27	1
40	29	11
40	31	4
40	34	2
40	35	5
40	39	17
41	1	12
41	2	17
41	4	4
41	14	1
41	17	1
41	19	4
41	22	1
41	23	1
41	27	1
41	32	4
42	1	11
42	2	9
42	3	6
42	4	16
42	5	3
42	6	1
42	7	1
42	10	1
42	11	3
42	12	1
42	13	1
42	19	1
42	21	2
42	25	3
42	27	1
42	28	6
43	1	12
43	2	16
43	3	4
43	4	1
43	14	3
43	23	1
43	27	3
46	1	8
46	2	15
46	3	16
46	4	4
46	14	1
46	15	1
46	23	2
46	27	2
46	29	4
48	1	16
48	2	12
48	3	2
48	15	1
48	23	5
48	30	1
48	32	6
48	35	1
48	36	1
48	37	1
48	41	2
48	46	1
49	1	3
49	6	2
49	10	1
49	24	3
49	35	2
49	37	3
49	38	1
49	40	1
50	1	4
50	6	3
50	10	2
50	24	3
50	34	1
50	35	3
50	37	2
50	38	1
50	39	1
50	40	1
50	49	15
51	1	2
51	4	5
51	5	2
51	22	1
51	25	15
51	28	1
52	1	1
52	6	3
52	21	1
52	24	5
52	27	1
52	29	10
52	34	2
52	35	12
52	38	1
52	39	3
52	40	2
52	49	5
52	50	7
54	1	15
54	2	5
54	3	4
54	10	7
54	11	1
54	12	1
54	15	4
54	23	3
54	27	2
54	29	2
54	35	2
54	46	12
55	1	15
55	2	1
55	3	1
55	4	5
55	5	14
55	6	1
55	7	2
55	10	1
55	17	4
55	19	1
55	25	1
55	39	1
55	42	1
55	51	1
56	1	5
56	6	8
56	21	14
56	27	1
56	31	5
57	1	1
57	10	1
57	11	2
57	12	10
57	13	14
57	17	1
57	23	1
57	27	1
57	35	1
57	37	1
58	1	3
58	4	14
58	5	7
58	20	1
58	55	1
59	1	14
59	2	11
59	3	2
59	14	4
59	23	4
59	27	1
59	37	1
59	43	9
59	46	1
60	1	1
60	2	1
60	3	1
60	4	1
60	9	14
60	22	1
60	23	1
60	24	5
60	26	3
60	27	1
60	33	2
60	34	1
60	35	1
60	42	1
60	45	3
60	54	1
61	1	1
61	2	13
61	3	4
61	4	1
61	10	3
61	15	4
61	36	3
62	1	2
62	4	2
62	6	3
62	7	10
62	31	12
63	1	2
63	4	5
63	19	1
63	22	3
63	25	3
63	29	1
63	32	1
64	1	2
64	3	1
64	4	6
64	6	2
64	22	4
64	25	3
64	63	12
65	1	4
65	2	12
65	3	5
65	4	1
65	27	1
65	32	2
65	43	1
65	48	6
65	59	3
66	1	1
66	3	1
66	4	5
66	5	2
66	25	12
66	28	3
66	38	2
66	51	5
67	1	6
67	3	1
67	6	8
67	15	1
67	21	6
67	24	12
67	29	1
67	31	3
67	34	1
67	35	2
67	37	9
67	39	1
67	40	2
67	52	1
67	56	2
68	1	3
68	2	12
68	3	9
68	10	4
68	15	8
68	16	1
68	17	1
68	19	5
68	36	8
68	61	5
72	1	1
72	2	3
72	15	6
72	20	1
72	34	1
72	37	1
72	68	3
72	71	12
73	1	5
73	4	1
73	6	1
73	7	7
73	19	1
73	27	1
73	29	3
73	31	12
73	35	2
73	39	3
73	40	4
73	62	1
74	1	6
74	3	1
74	4	1
74	5	9
74	14	1
74	19	11
74	20	2
74	55	1
74	63	1
75	1	11
75	2	2
75	3	1
75	4	2
75	5	1
75	6	2
75	14	1
75	18	1
75	19	2
75	20	1
75	22	1
75	24	1
75	25	1
75	27	2
75	29	2
75	30	1
75	34	2
75	35	3
75	37	1
75	39	3
75	40	1
75	41	2
75	55	1
75	67	1
76	1	1
76	2	1
76	11	1
76	12	1
76	13	11
76	34	1
76	39	1
76	40	2
77	1	1
77	2	1
77	11	3
77	12	2
77	15	2
77	20	1
77	57	1
77	71	6
77	72	11
78	1	1
78	4	1
78	6	1
78	19	1
78	27	2
78	29	11
78	34	4
78	35	10
78	38	1
78	52	2
78	53	1
79	1	3
79	6	3
79	7	9
79	31	8
79	62	7
80	1	4
80	2	1
80	6	3
80	7	9
80	14	1
80	17	1
80	31	8
80	41	1
80	62	7
80	79	11
81	1	3
81	2	10
81	3	4
81	10	4
81	15	3
81	23	1
81	36	3
81	54	1
81	55	1
81	61	4
81	68	3
81	72	1
82	1	7
82	3	1
82	4	10
82	20	1
82	24	1
82	25	7
82	35	1
82	42	1
82	51	2
82	66	3
83	1	1
83	15	1
83	34	1
83	71	4
83	72	8
83	77	10
84	1	9
84	2	8
84	3	9
84	4	5
84	10	1
84	14	3
84	19	4
84	22	7
84	32	1
84	41	1
84	58	1
85	1	1
85	13	9
85	19	2
85	34	4
85	40	1
85	75	1
85	76	8
86	1	1
86	2	2
86	3	5
86	15	9
86	36	1
86	61	1
86	67	1
86	68	1
86	69	6
86	70	6
87	1	2
87	2	1
87	4	3
87	5	8
87	25	3
87	28	9
87	51	2
87	55	1
90	1	4
90	2	3
90	3	9
90	4	2
90	13	2
90	15	1
90	22	2
90	23	1
90	27	1
90	46	1
91	1	9
91	2	7
91	14	3
91	17	1
91	18	2
91	19	1
91	30	3
91	41	8
91	48	1
91	72	1
91	77	1
91	80	1
91	83	1
92	1	2
92	2	3
92	3	1
92	15	1
92	46	4
92	54	2
93	1	2
93	2	3
93	3	1
93	10	1
93	15	2
93	46	5
93	54	2
93	92	9
94	1	3
94	10	2
94	37	4
95	1	4
95	13	1
95	37	7
95	94	9
97	1	2
97	2	2
97	3	3
97	46	6
97	54	8
97	92	2
97	93	2
98	1	3
98	2	6
98	4	2
98	32	2
98	41	1
98	48	6
98	59	2
98	65	8
99	1	8
99	2	4
99	3	4
99	4	2
99	5	1
99	11	1
99	13	2
99	16	1
99	17	1
99	18	1
99	21	1
99	22	1
99	23	1
99	25	2
99	27	1
99	32	1
99	35	1
99	55	1
99	59	1
99	75	7
100	1	2
100	2	3
100	3	2
100	15	1
100	68	2
100	86	1
101	1	1
101	2	4
101	3	3
101	68	2
101	100	8
104	1	5
104	2	8
104	4	1
104	10	1
104	14	2
104	19	1
104	22	1
104	23	4
104	32	1
104	43	3
104	48	1
104	64	1
104	68	2
104	70	1
104	102	3
105	1	3
105	10	1
105	24	3
105	35	4
105	37	4
105	38	3
105	49	5
105	50	4
105	52	1
105	94	1
105	95	1
106	1	2
106	24	2
106	35	5
106	38	2
106	39	1
106	49	2
106	50	1
106	52	1
106	105	8
107	1	8
107	2	2
107	3	1
107	6	1
107	10	2
107	11	4
107	12	2
107	13	5
107	16	4
107	24	4
107	29	1
107	31	2
107	34	4
107	35	1
107	37	1
107	39	1
107	40	2
107	42	2
107	50	1
107	52	1
107	53	1
107	56	1
107	57	2
107	67	1
107	73	1
107	88	2
108	1	8
108	2	7
108	3	1
108	4	1
108	5	1
108	6	2
108	7	1
108	10	2
108	13	1
108	15	1
108	17	1
108	22	1
108	25	2
108	32	1
108	36	1
108	37	8
108	38	5
108	57	3
108	71	1
108	72	1
108	105	1
109	1	1
109	4	8
109	25	2
109	51	2
109	66	1
109	82	2
109	96	1
110	1	3
110	2	1
110	3	1
110	4	7
110	5	2
110	17	8
110	109	1
111	1	2
111	2	1
111	3	2
111	4	8
111	7	1
111	20	1
111	22	4
111	25	1
111	31	1
111	62	1
111	63	5
111	64	6
111	82	1
111	104	1
112	1	2
112	2	5
112	3	1
112	23	1
112	35	1
112	54	1
112	60	1
113	1	2
113	2	6
113	3	1
113	23	2
113	104	1
113	112	8
114	1	6
114	2	4
114	4	1
114	6	5
114	7	3
114	10	1
114	13	2
114	19	2
114	24	1
114	25	1
114	34	2
114	40	3
114	102	1
116	1	2
116	4	1
116	6	1
116	8	2
116	9	8
116	26	2
116	34	1
116	60	1
120	1	6
120	2	6
120	3	6
120	4	5
120	14	1
120	23	2
120	29	1
120	46	6
120	54	1
120	59	1
120	92	1
120	93	1
120	112	3
120	113	3
121	1	1
121	2	5
121	3	3
121	4	3
121	14	1
121	23	1
121	43	1
121	46	2
121	59	1
121	92	1
121	93	1
121	104	2
121	111	1
121	112	4
121	113	4
121	120	7
122	1	6
122	6	7
122	7	2
122	10	4
122	18	1
122	31	1
122	62	1
122	79	1
122	80	1
123	1	2
123	3	1
123	4	7
123	5	1
123	14	1
123	22	7
123	30	1
123	39	1
123	63	2
123	64	2
123	111	4
123	117	1
124	1	7
124	2	7
124	3	1
124	14	3
124	18	2
124	23	3
124	30	1
124	32	3
124	43	2
124	48	2
124	59	3
124	65	5
124	75	1
124	91	1
124	98	6
124	99	1
124	104	1
125	1	6
125	2	7
125	3	5
125	10	2
125	23	2
125	27	1
125	43	5
125	59	7
125	61	2
125	68	1
125	81	2
125	124	2
127	1	2
127	4	6
127	5	7
127	17	1
127	20	1
128	1	1
128	3	1
128	13	1
128	19	1
128	24	2
128	27	1
128	29	7
128	34	1
128	35	1
128	39	4
128	40	1
128	52	1
128	75	4
128	76	1
129	1	3
129	2	7
129	5	1
129	10	1
129	13	4
129	19	4
129	24	1
129	27	2
129	29	2
129	34	3
129	40	4
129	76	1
129	114	5
130	1	1
130	6	1
130	13	5
130	18	1
130	24	1
130	34	1
130	76	5
130	85	7
132	1	1
132	2	1
132	4	6
132	5	7
132	17	1
132	19	1
132	28	4
132	42	2
132	87	1
132	127	1
133	1	3
133	3	1
133	4	7
133	22	1
133	38	2
133	117	3
135	1	1
135	6	3
135	7	1
135	21	1
135	40	2
135	56	1
135	67	1
136	1	1
136	6	3
136	7	1
136	40	2
136	135	7
139	1	2
139	2	3
139	6	1
139	21	5
139	42	5
139	56	4
141	1	4
141	2	7
141	3	2
141	4	2
141	23	1
141	32	5
141	48	6
141	59	1
141	65	5
141	83	1
141	96	1
141	98	4
141	104	1
142	1	1
142	2	1
142	4	7
142	5	3
142	20	1
142	22	3
142	25	2
142	31	1
142	51	1
142	62	1
142	63	1
142	64	1
142	82	1
142	111	5
144	1	2
144	101	1
144	104	1
144	143	7
145	1	2
145	4	2
145	25	1
145	63	1
145	64	1
145	82	7
145	111	1
145	142	1
146	1	1
146	11	1
146	17	1
146	18	1
146	27	1
146	99	1
146	111	1
146	121	1
147	1	4
147	10	1
147	13	4
147	14	1
147	21	1
147	27	3
147	29	1
147	34	3
147	84	1
147	107	1
147	121	1
147	128	1
147	146	6
148	1	1
148	3	1
148	4	4
148	34	2
148	46	2
148	63	1
148	72	1
148	83	1
150	1	1
150	2	2
150	4	6
150	5	2
150	17	3
150	109	1
150	110	3
150	118	1
153	1	6
153	2	6
153	3	3
153	14	1
153	27	1
153	43	6
153	59	1
153	65	2
153	99	1
153	124	2
153	125	2
153	141	1
154	1	5
154	2	2
154	3	2
154	56	1
154	68	1
154	72	1
154	100	1
154	101	1
154	104	2
154	144	2
155	1	5
155	2	2
155	3	2
155	7	1
155	21	4
155	100	1
155	101	1
155	104	1
155	144	2
155	154	6
157	1	3
157	10	2
157	37	2
157	94	6
157	95	2
157	108	1
160	1	1
160	4	1
160	27	2
160	29	3
160	40	1
160	42	5
160	75	1
160	114	6
160	115	5
160	135	1
160	136	1
161	1	5
161	2	2
161	4	1
161	11	1
161	12	1
161	13	1
161	23	2
161	32	3
161	35	1
161	41	1
161	48	6
161	67	1
161	141	1
164	1	4
164	2	4
164	5	1
164	6	2
164	7	3
164	10	2
164	18	1
164	19	3
164	20	1
164	21	2
164	24	1
164	27	3
164	29	4
164	31	2
164	34	6
164	35	1
164	40	1
164	52	2
164	56	1
164	62	1
164	67	1
164	72	1
164	75	1
164	78	1
164	107	3
164	108	1
164	114	1
164	115	1
164	128	1
164	129	2
164	147	1
164	148	1
164	158	1
164	159	3
164	160	3
164	162	6
164	163	2
165	1	4
165	2	2
165	19	2
165	22	1
165	24	1
165	27	3
165	29	4
165	34	1
165	35	1
165	39	3
165	40	1
165	41	2
165	42	1
165	52	1
165	54	1
165	60	4
165	75	6
165	85	1
165	112	1
165	128	6
165	164	1
166	1	4
166	3	1
166	21	6
166	67	3
168	1	1
168	3	1
168	4	2
168	82	6
168	111	1
168	128	1
168	142	1
168	145	3
169	1	2
169	2	6
169	3	3
169	14	2
169	19	1
169	23	1
169	46	1
169	59	2
169	92	1
169	93	1
169	112	3
169	113	3
169	120	3
169	121	5
169	161	1
172	1	6
172	6	2
172	7	1
172	10	1
172	11	1
172	37	1
172	108	3
173	1	1
173	10	1
173	13	1
173	107	3
173	170	6
173	171	6
176	1	2
176	2	3
176	4	2
176	5	1
176	17	1
176	19	1
176	20	1
176	23	2
176	27	1
176	35	1
176	48	5
176	65	2
176	98	4
176	104	1
176	124	6
176	141	1
176	161	2
180	1	3
180	2	1
180	10	1
180	12	1
180	13	2
180	21	1
180	24	1
180	37	3
180	38	1
180	57	6
180	108	4
180	129	1
191	1	6
191	24	2
191	27	1
191	59	3
191	137	1
191	138	1
195	1	1
195	2	2
195	13	1
195	19	3
195	24	1
195	27	2
195	29	1
195	39	2
195	40	5
195	46	1
195	75	1
195	76	1
195	78	1
195	114	1
195	115	4
195	128	3
195	129	3
195	164	1
195	165	5
196	1	3
196	2	2
196	4	3
196	10	3
196	15	5
196	17	1
196	22	2
196	23	2
196	54	2
196	67	1
196	86	1
196	117	2
196	133	2
198	1	1
198	4	1
198	8	2
198	9	4
198	13	1
198	33	1
198	34	3
198	44	2
198	129	1
198	197	5
200	1	1
200	2	1
200	3	1
200	4	5
200	25	3
200	38	1
200	73	1
200	123	1
200	146	1
201	1	5
201	6	4
201	10	1
201	37	1
203	1	5
203	6	4
203	10	4
203	11	1
203	16	1
203	24	1
203	37	2
203	49	1
203	50	1
203	59	1
203	94	1
203	95	2
203	137	2
203	138	2
203	157	1
203	191	5
203	201	1
204	1	1
204	10	1
204	13	3
204	34	1
204	146	1
204	147	5
206	1	1
206	3	1
206	4	3
206	22	1
206	25	2
206	63	5
206	64	5
206	110	1
206	111	2
206	123	1
207	1	1
207	2	1
207	3	1
207	21	3
207	68	1
207	154	3
207	155	5
208	1	2
208	4	2
208	22	5
208	167	2
213	1	2
213	6	2
213	14	2
213	20	1
213	22	1
213	29	1
213	31	1
213	35	1
213	39	1
213	40	1
213	56	1
213	73	2
213	107	1
213	142	1
213	164	1
213	188	1
213	212	5
215	1	1
215	2	2
215	6	3
215	22	1
215	29	1
215	63	1
216	1	1
216	2	2
216	6	2
216	22	1
216	35	1
216	50	1
216	53	1
216	215	5
219	1	5
219	2	1
219	4	1
219	5	2
219	17	2
219	18	1
219	19	1
219	23	2
219	46	1
219	54	1
219	91	2
219	112	1
219	113	1
219	120	1
219	121	1
219	139	1
219	140	1
219	169	1
219	210	1
220	1	1
220	8	2
220	9	5
220	11	1
220	12	1
220	13	1
220	34	1
220	60	1
220	116	1
220	126	1
220	194	1
221	1	5
221	2	1
221	3	1
221	5	1
221	13	2
221	14	5
221	18	2
221	19	2
221	20	1
221	21	2
221	23	1
221	24	1
221	27	1
221	30	2
221	34	2
221	37	1
221	43	1
221	57	1
221	67	2
221	74	1
221	75	1
221	81	1
221	107	1
221	124	1
221	147	2
221	161	1
221	164	1
221	166	3
221	214	1
222	1	3
222	10	1
222	24	1
222	27	2
222	29	1
222	35	5
222	37	1
222	38	5
222	105	1
224	1	1
224	2	2
224	3	2
224	4	2
224	14	5
224	27	1
224	41	1
224	46	1
224	74	1
224	82	1
224	84	1
224	221	1
225	1	5
225	2	1
225	3	2
225	4	2
225	5	1
225	6	1
225	17	1
225	19	1
225	21	5
225	22	2
225	25	3
225	28	3
225	36	1
225	51	1
225	66	2
225	67	2
225	71	1
225	72	1
225	77	2
225	83	2
225	87	1
225	96	1
225	102	1
225	103	1
225	132	1
225	151	1
225	166	2
225	214	1
229	1	3
229	2	1
229	3	5
229	18	1
229	21	1
229	42	3
229	43	1
229	46	3
229	54	3
229	97	1
229	99	1
229	218	1
230	1	1
230	3	2
230	4	4
230	25	4
230	35	1
230	38	5
230	78	1
230	106	1
232	1	1
232	2	3
232	3	4
232	15	1
232	19	2
232	27	1
232	36	1
232	43	1
232	46	2
232	68	1
232	71	3
232	104	3
232	111	1
232	148	3
232	154	1
232	188	2
232	192	4
232	193	4
232	209	5
232	218	3
232	221	1
234	1	1
234	27	1
234	40	1
234	165	1
234	195	1
234	233	5
235	1	1
235	6	5
235	7	1
235	10	2
235	201	1
235	203	2
237	1	1
237	2	1
237	3	2
237	59	2
237	65	5
237	98	1
237	141	1
239	1	2
239	37	2
239	94	3
239	95	5
239	157	1
239	203	1
241	1	3
241	5	3
241	17	5
244	1	1
244	14	5
244	17	1
244	18	1
244	22	1
244	30	3
244	80	1
244	91	2
244	123	1
244	213	2
246	1	1
246	2	1
246	15	3
246	25	1
246	36	1
246	68	5
246	72	1
246	77	1
246	102	1
246	104	3
246	111	1
246	124	1
246	144	1
246	151	1
246	154	2
246	155	1
246	183	1
246	187	1
246	188	2
246	207	1
246	232	2
248	1	1
248	6	4
248	7	5
248	10	2
248	31	1
248	62	1
248	79	1
248	80	1
248	114	1
248	172	1
248	199	2
249	1	3
249	2	3
249	4	1
249	13	1
249	17	1
249	19	1
249	27	3
249	29	3
249	32	1
249	34	1
249	40	3
249	46	1
249	52	1
249	76	1
249	80	1
249	91	1
249	114	1
249	128	4
249	129	3
249	146	1
249	164	1
249	165	3
249	195	5
249	233	1
249	234	1
249	244	1
249	247	1
250	1	4
250	2	5
250	4	3
250	5	4
250	18	1
250	19	2
250	27	1
250	41	3
250	48	2
250	55	5
250	65	1
250	74	2
250	91	4
250	98	1
250	104	1
250	141	1
250	151	2
250	176	2
250	212	1
250	214	3
250	225	1
250	234	1
251	1	4
251	2	3
251	3	2
251	4	1
251	23	1
251	41	1
251	48	1
251	59	1
251	65	2
251	190	1
251	237	2
251	249	1
254	1	1
254	2	1
254	21	1
254	100	3
254	101	1
254	102	1
254	155	1
254	205	1
254	207	1
255	1	2
255	2	3
255	3	2
255	19	1
255	20	1
255	32	1
255	46	1
255	63	3
255	100	1
255	104	1
255	115	1
255	123	1
255	148	3
255	164	1
255	169	1
255	192	1
255	200	1
255	224	1
255	232	2
255	238	1
255	254	4
257	1	3
257	2	3
257	17	1
257	23	1
257	29	2
257	34	1
257	35	2
257	41	3
257	78	2
257	91	4
257	170	3
257	219	1
257	250	1
257	251	1
257	256	4
259	1	1
259	2	2
259	3	1
259	54	1
259	112	3
259	113	4
259	120	2
259	121	1
259	169	1
260	1	1
260	2	1
260	104	1
260	114	1
260	154	4
260	185	4
261	1	2
261	32	1
261	37	1
261	59	1
261	67	1
261	124	1
261	161	4
261	221	1
264	1	1
264	139	4
264	140	1
264	219	1
264	223	2
264	246	1
267	1	4
267	2	2
267	3	1
267	5	4
267	6	1
267	10	2
267	17	1
267	21	4
267	24	2
267	35	1
267	55	2
267	67	1
267	74	1
267	140	1
267	225	1
268	1	1
268	2	1
268	3	2
268	4	3
268	24	1
268	25	4
268	27	1
268	58	1
268	206	1
268	245	4
275	1	1
275	2	2
275	3	1
275	6	4
275	7	2
275	21	1
275	22	1
275	94	1
275	139	2
275	157	1
275	190	1
275	203	1
275	215	4
275	216	4
279	1	3
279	4	1
279	5	1
279	6	2
279	10	1
279	17	3
279	19	1
279	21	2
279	27	1
279	37	2
279	38	4
279	55	1
279	57	1
279	78	1
279	108	1
279	117	1
279	167	1
279	195	1
279	223	3
279	264	1
279	265	1
281	1	2
281	10	1
281	24	1
281	35	1
281	38	3
281	49	1
281	50	1
281	105	4
281	106	1
281	222	1
285	1	1
285	4	1
285	27	1
285	146	1
285	249	4
290	1	1
290	15	1
290	23	2
290	54	1
290	196	4
292	1	1
292	2	1
292	15	2
292	19	2
292	27	1
292	29	1
292	31	1
292	36	3
292	48	1
292	63	3
292	68	2
292	72	1
292	77	1
292	104	2
292	154	2
292	161	1
292	169	2
292	186	2
292	187	1
292	192	1
292	209	1
292	215	1
292	232	1
292	238	1
292	246	1
292	255	4
292	260	1
292	266	2
292	287	2
292	289	1
296	1	1
296	139	3
296	246	1
296	264	4
297	1	3
297	40	4
297	203	1
302	1	1
302	13	4
302	34	1
302	75	1
302	85	4
302	130	2
302	152	1
302	165	2
303	1	3
303	2	2
303	17	4
303	23	1
303	110	2
303	161	1
305	1	1
305	27	1
305	158	2
305	159	4
306	1	4
306	41	2
306	48	1
306	75	2
306	165	2
306	261	1
307	1	4
307	3	1
307	21	2
307	37	2
307	42	2
307	229	3
308	1	4
308	2	1
308	21	3
309	1	1
309	5	1
309	7	1
309	9	2
309	10	2
309	34	2
309	45	2
309	60	2
309	126	3
309	129	1
309	167	1
309	194	4
309	220	2
309	271	1
309	272	1
312	1	4
312	32	1
312	59	2
314	1	1
314	2	1
314	4	2
314	5	1
314	19	1
314	24	2
314	37	1
314	208	1
314	307	1
318	1	2
318	2	2
318	35	1
318	40	3
318	78	1
318	107	1
318	139	1
318	174	1
318	190	4
318	242	1
318	244	1
318	275	1
318	297	3
318	300	1
319	1	4
319	2	1
319	3	1
319	4	3
319	14	1
319	23	2
319	27	1
319	49	1
319	54	1
319	117	3
319	126	1
319	133	1
319	196	2
319	259	1
319	261	1
319	306	2
326	1	1
326	10	1
326	31	1
326	54	1
326	171	2
326	196	1
326	227	1
326	255	1
326	266	1
326	292	1
326	294	1
326	311	1
328	1	3
328	23	1
328	29	1
328	54	3
334	1	3
334	2	3
334	3	2
334	10	1
334	21	1
334	22	1
334	24	2
334	35	2
334	43	2
334	49	1
334	52	1
334	54	1
334	59	1
334	100	1
334	153	1
334	167	1
334	180	2
334	196	1
334	280	1
334	319	1
334	333	3
351	1	3
351	17	2
351	24	1
351	29	1
351	35	1
351	37	1
351	38	1
351	49	1
351	50	1
351	52	3
351	53	3
351	55	1
351	78	1
351	131	2
357	1	1
357	6	3
357	7	2
357	40	1
357	42	1
357	57	3
357	108	1
357	114	1
357	135	3
357	136	3
357	160	2
357	174	1
357	223	1
357	263	3
357	279	1
357	287	1
357	342	2
359	1	1
359	64	1
359	75	1
359	104	1
359	210	1
359	219	1
359	236	1
359	255	1
359	287	1
359	358	3
361	1	3
361	2	3
361	3	2
361	32	1
361	48	3
361	65	2
361	98	3
361	104	1
361	110	1
361	124	1
361	125	1
361	141	3
361	153	2
361	176	2
361	250	2
361	306	2
361	319	1
365	1	3
365	2	2
365	3	3
365	7	1
365	21	2
365	36	2
365	42	2
365	54	2
365	68	3
365	108	1
365	125	1
365	218	2
365	229	1
365	355	3
367	1	1
367	2	1
367	3	2
367	10	1
367	22	1
367	29	3
367	34	1
367	54	1
367	65	1
367	81	2
367	124	1
367	125	1
367	128	1
367	176	1
367	249	1
367	366	3
372	1	1
372	4	2
372	5	2
372	24	3
372	28	3
372	35	1
372	38	1
372	39	1
372	52	1
372	53	1
372	78	1
372	82	1
372	87	2
372	132	1
372	225	1
372	230	1
372	273	1
372	314	1
372	315	1
374	1	3
374	2	1
374	17	1
374	24	1
374	67	1
374	99	1
374	167	1
374	196	1
375	1	3
375	13	1
375	114	1
375	129	1
375	374	3
380	1	1
380	3	1
381	1	1
381	3	1
381	380	3
382	1	1
382	4	2
382	5	3
382	42	1
382	110	1
382	139	1
388	1	3
388	40	3
388	297	3
388	318	2
390	1	1
390	17	1
390	25	1
390	59	2
390	121	1
390	191	3
390	246	1
394	1	1
394	5	3
394	19	3
394	20	2
394	55	1
394	74	2
394	214	1
394	221	2
404	1	3
404	23	1
404	29	1
404	54	3
404	299	2
404	328	3
404	349	2
406	1	2
406	5	3
406	6	3
406	7	1
406	10	1
406	16	3
406	17	2
406	19	1
406	20	2
406	24	1
406	35	1
406	267	1
407	1	3
407	2	1
407	23	1
407	48	3
407	65	1
407	98	1
407	124	2
407	176	1
409	1	1
409	27	1
409	158	1
409	159	2
409	305	3
409	335	1
411	1	2
411	10	2
411	17	3
411	23	1
411	54	1
411	110	2
411	303	3
413	1	1
413	2	3
413	57	1
413	129	1
413	149	1
413	190	2
413	209	1
413	210	2
413	242	1
413	252	1
413	289	1
413	308	2
413	320	1
413	339	2
413	340	2
413	356	2
419	1	2
419	107	3
419	353	2
425	1	1
425	3	3
425	15	1
425	100	1
425	101	1
425	104	1
425	232	1
425	246	1
425	254	1
425	255	1
426	1	1
426	4	1
426	5	1
426	6	1
426	10	3
426	11	1
426	54	1
426	172	1
428	1	1
428	11	1
428	21	1
428	107	1
428	162	3
428	163	1
428	164	2
428	299	3
429	1	3
429	2	1
429	4	1
429	6	2
429	15	1
429	68	1
429	102	1
429	104	1
429	154	1
429	207	1
429	232	2
429	238	1
429	246	2
429	248	1
429	255	1
429	292	1
429	293	1
429	294	1
429	295	1
429	326	1
429	345	1
429	425	1
436	1	1
436	10	1
436	245	3
436	424	1
445	1	1
445	2	1
445	10	1
445	16	1
445	17	1
445	21	1
445	68	1
445	110	2
445	159	1
445	225	1
445	303	2
445	305	1
445	335	1
445	409	1
445	411	3
447	1	1
447	3	1
447	10	3
447	15	1
447	46	2
447	93	1
447	101	1
447	167	1
447	338	1
447	436	1
452	1	2
452	2	1
452	3	1
452	21	2
452	42	3
452	49	1
452	229	1
452	267	1
452	307	1
452	329	1
452	365	1
457	1	1
457	3	1
457	15	1
457	17	1
457	22	1
457	35	1
457	54	1
457	60	1
457	107	1
457	112	1
457	165	1
457	250	2
457	318	1
457	353	3
457	367	1
457	385	1
457	419	2
460	1	1
460	2	1
460	14	1
460	19	1
460	28	1
460	29	1
460	35	1
460	84	1
460	209	1
460	254	2
460	255	3
460	294	1
460	372	1
460	413	1
461	1	2
461	4	1
461	5	1
461	19	2
461	74	1
461	104	1
461	128	1
461	144	2
461	154	2
461	155	2
461	168	1
461	246	1
462	1	1
462	4	1
462	5	1
462	19	1
462	124	1
462	461	3
463	1	2
463	4	1
463	25	1
463	27	1
463	31	1
463	96	2
463	146	1
463	249	1
463	285	1
467	1	1
467	2	1
467	3	1
467	19	1
467	68	1
467	72	1
467	169	1
467	184	1
467	255	1
467	332	1
467	341	1
467	345	1
467	427	1
467	466	2
473	1	1
473	13	1
473	78	1
473	94	1
473	95	2
473	171	1
473	182	1
473	211	1
473	326	1
473	416	1
473	422	1
480	1	2
480	104	1
480	144	2
480	154	2
480	155	2
480	246	1
480	461	2
481	1	1
481	10	1
481	17	1
481	37	1
481	54	1
481	259	1
481	319	2
481	349	1
483	1	1
483	2	1
483	3	1
483	17	2
483	36	1
483	37	2
483	38	1
483	100	1
483	107	1
483	108	1
483	128	1
483	167	1
483	334	1
483	351	1
483	443	1
488	1	2
488	2	2
488	14	2
488	43	2
488	59	1
488	169	1
488	221	1
489	1	1
489	27	1
489	75	2
489	482	1
490	1	1
490	4	1
490	10	1
490	16	1
490	22	2
490	23	1
490	25	1
490	37	2
490	108	2
490	319	1
504	1	2
504	21	1
504	225	1
504	365	1
507	1	2
507	5	1
507	7	1
507	19	1
507	31	1
507	225	2
507	250	1
507	461	1
507	462	1
516	1	1
516	6	2
516	385	1
517	1	1
517	2	1
517	6	1
517	32	1
517	59	1
517	63	1
517	72	1
517	98	1
517	114	1
517	123	1
517	154	1
517	251	1
517	255	1
517	292	1
517	293	1
517	294	2
517	315	1
517	378	1
517	397	1
517	424	1
517	435	1
517	449	1
517	467	1
523	1	2
523	2	1
523	38	1
523	106	1
524	1	2
524	2	1
524	23	2
524	54	1
524	104	1
524	257	2
529	1	1
529	2	1
529	243	1
529	308	2
529	311	1
529	413	2
540	1	1
540	2	1
540	3	1
540	15	1
540	17	1
540	99	1
540	225	1
540	229	2
540	329	1
540	504	1
553	1	2
553	2	2
553	3	1
553	59	2
553	72	1
553	81	2
553	312	2
553	345	1
553	466	1
553	467	1
558	1	1
558	3	1
558	24	1
558	43	1
558	72	1
558	111	1
558	115	1
558	148	1
558	185	1
558	232	2
558	243	1
558	260	1
558	293	1
558	294	2
558	311	1
558	376	1
558	396	1
558	486	1
560	1	1
560	2	1
560	27	1
560	64	1
560	98	1
560	104	1
560	148	1
560	224	1
560	236	1
560	292	1
560	311	1
560	357	1
560	358	1
560	359	2
560	420	1
560	454	1
560	467	1
560	517	2
560	529	1
561	1	1
561	57	1
561	180	2
570	1	1
570	2	1
570	17	2
570	41	1
570	75	1
570	80	1
570	91	1
570	244	1
570	249	1
570	251	1
570	257	2
577	1	1
577	251	2
578	1	1
578	251	2
578	577	2
579	1	2
579	7	1
579	31	1
579	114	1
580	1	2
580	104	1
580	144	2
580	154	2
580	155	2
580	184	1
580	246	1
580	461	2
580	480	2
589	1	2
589	2	2
589	40	1
589	190	1
589	275	1
589	297	1
589	308	1
589	318	2
589	388	1
589	413	1
589	529	1
592	1	1
592	4	1
592	5	1
592	75	1
592	127	1
592	378	1
592	591	2
597	1	1
597	63	2
597	129	1
597	180	1
597	266	1
602	1	1
602	2	1
602	16	2
602	21	2
602	34	2
602	107	2
602	225	1
602	445	1
603	1	1
603	27	1
603	146	1
603	249	2
603	285	2
603	463	1
604	1	2
604	3	1
604	4	2
604	5	1
604	27	1
604	35	2
604	48	2
604	52	2
604	55	1
604	90	1
604	109	1
604	118	1
604	161	1
604	267	1
604	334	1
604	382	1
604	468	1
607	1	2
607	104	1
607	144	2
607	154	2
607	155	2
607	246	1
607	429	1
607	461	2
607	480	2
607	580	2
609	1	1
609	8	1
609	9	2
609	60	1
609	126	1
609	194	1
609	220	2
609	309	2
609	310	1
614	1	1
614	6	1
614	9	1
614	26	1
614	33	1
614	34	1
614	60	1
614	116	2
614	156	1
614	194	2
614	270	1
614	415	1
614	567	1
630	1	2
630	2	1
630	76	1
630	85	1
630	275	1
630	564	1
631	1	2
631	35	1
631	41	1
631	54	1
631	60	1
631	75	1
631	112	1
631	165	2
631	306	1
631	457	1
632	1	1
632	3	2
632	22	2
632	37	2
632	38	2
632	221	1
633	1	1
633	3	1
633	22	1
633	38	1
633	632	2
641	1	2
641	2	1
641	3	1
641	22	1
641	460	1
642	1	2
642	4	2
642	68	1
642	82	1
642	226	2
642	320	1
642	462	1
649	1	1
649	2	2
649	3	2
649	14	1
649	19	1
649	32	1
649	59	1
649	169	1
649	318	1
649	488	1
652	1	1
652	21	1
652	37	2
652	56	1
652	67	1
652	94	1
652	95	1
652	157	1
664	1	1
664	21	1
664	24	1
664	180	2
664	333	1
664	334	2
669	1	1
669	3	1
669	4	2
669	90	1
674	1	2
674	37	1
674	49	1
674	50	2
674	444	1
677	1	2
677	23	1
677	35	1
677	48	1
677	161	2
677	303	1
679	1	1
679	172	2
679	248	1
679	318	1
690	1	2
690	18	1
690	279	1
692	1	1
692	14	1
692	30	1
692	48	2
692	98	1
692	124	2
692	161	2
692	176	2
692	407	2
694	1	2
694	6	1
694	7	2
694	10	1
694	108	2
694	172	2
694	196	1
696	1	1
696	114	1
696	579	1
697	1	1
697	114	1
697	172	1
697	579	1
697	679	1
697	696	2
700	1	1
700	94	2
700	95	1
702	1	2
702	2	1
702	100	1
702	254	1
702	255	2
702	425	1
702	460	1
705	1	1
705	7	1
705	114	1
705	579	2
705	696	1
705	697	1
716	1	1
716	3	1
716	4	1
716	84	1
716	133	1
721	1	1
721	10	1
721	17	2
721	481	1
721	483	1
730	1	2
730	4	1
730	17	1
730	32	1
730	37	1
730	38	1
730	351	2
730	483	1
734	1	1
734	4	1
734	17	1
734	99	1
734	229	1
734	329	1
734	540	2
735	1	1
735	3	1
735	144	1
735	154	1
735	155	1
735	246	1
735	292	1
735	425	1
735	461	1
735	480	1
735	519	2
735	580	1
735	607	1
737	1	1
737	3	1
737	4	1
737	5	2
737	14	1
737	17	1
737	23	1
737	48	1
737	314	1
737	315	1
737	432	1
754	1	1
754	31	2
754	292	1
754	294	1
754	326	1
754	345	1
754	376	1
754	427	1
754	564	1
755	1	1
755	108	1
755	157	2
759	1	2
759	6	2
759	10	1
759	24	1
759	130	1
759	203	1
759	265	1
760	1	2
760	32	1
760	312	2
776	1	1
776	3	1
776	4	2
776	20	1
776	82	1
776	226	1
776	320	1
776	642	1
788	1	1
788	11	2
788	12	1
788	13	1
788	21	1
788	428	1
801	1	1
801	2	1
801	4	1
801	28	1
801	87	1
801	109	1
801	140	1
801	248	1
801	429	1
801	455	1
801	719	1
801	720	2
801	748	1
808	1	1
808	121	1
808	146	1
808	147	1
808	191	2
808	222	1
808	390	1
814	1	2
814	4	1
814	133	1
818	1	1
818	5	1
818	17	1
818	241	1
824	1	1
824	2	1
824	3	1
824	22	1
824	84	1
825	1	1
825	144	1
825	154	1
825	155	1
825	246	1
825	461	1
825	480	1
825	580	1
825	607	1
825	735	1
864	1	1
864	2	1
864	3	1
864	72	1
864	81	1
864	104	1
864	345	1
864	358	1
864	553	1
864	608	1
934	1	1
934	111	1
934	294	1
934	545	1
934	733	1
960	1	1
960	4	1
960	19	1
960	58	1
960	74	1
960	268	1
972	1	1
972	17	1
972	55	1
972	486	1
975	1	1
975	13	1
975	37	1
975	413	1
975	671	1
975	909	1
982	1	1
982	2	1
982	6	1
982	19	1
982	24	1
982	34	1
982	114	1
982	121	1
982	129	1
982	147	1
985	1	1
985	31	1
985	754	1
986	1	1
986	31	1
986	326	1
986	754	1
986	985	1
990	1	1
990	2	1
990	6	1
990	107	1
993	1	1
993	2	1
993	5	1
993	6	1
993	10	1
993	150	1
993	385	1
993	516	1
1029	1	1
1029	29	1
1029	54	1
1029	328	1
1029	404	1
1055	1	1
1055	4	1
1055	133	1
1063	1	1
1063	19	1
1063	37	1
1063	307	1
1063	314	1
1063	342	1
1063	782	1
1063	1024	1
1103	1	1
1103	4	1
1103	8	1
1103	9	1
1103	26	1
1103	181	1
1103	182	1
1103	1053	1
1112	1	1
1112	29	1
1112	54	1
1112	228	1
1112	291	1
1112	328	1
1112	404	1
1112	424	1
1112	559	1
1112	1029	1
1122	1	1
1122	31	1
1122	754	1
1122	985	1
1122	986	1
1124	1	1
1124	104	1
1124	144	1
1124	154	1
1124	155	1
1124	461	1
1124	480	1
1124	580	1
1124	607	1
1153	1	1
1153	2	1
1153	17	1
1153	110	1
1153	303	1
1156	1	1
1156	35	1
1156	54	1
1156	60	1
1156	112	1
1156	165	1
1156	457	1
1156	631	1
1174	1	1
1174	13	1
1174	105	1
1174	106	1
1174	333	1
1178	1	1
1178	18	1
1178	319	1
1178	349	1
1178	481	1
1182	1	1
1182	24	1
1182	45	1
1182	614	1
1190	1	1
1190	104	1
1190	144	1
1190	154	1
1190	155	1
1190	461	1
1190	480	1
1190	580	1
1190	607	1
1190	1124	1
1191	1	1
1191	6	1
1191	24	1
1191	130	1
1191	759	1
1194	1	1
1194	21	1
1194	267	1
1194	308	1
1194	452	1
1216	1	1
1216	35	1
1223	1	1
1223	2	1
1223	267	1
1227	1	1
1227	2	1
1227	23	1
1227	104	1
1227	524	1
1241	1	1
1241	2	1
1241	17	1
1241	21	1
1241	613	1
1248	1	1
1248	10	1
1248	18	1
1248	122	1
1259	1	1
1259	2	1
1259	110	1
1259	242	1
1259	300	1
1259	382	1
1259	424	1
1259	517	1
1259	734	1
1296	1	1
1296	6	1
1296	516	1
1318	1	1
1318	17	1
1318	411	1
1318	446	1
1335	1	1
1335	319	1
1346	1	1
1346	2	1
1346	4	1
1346	180	1
1346	613	1
1358	1	1
1358	17	1
1396	1	1
1396	15	1
1396	23	1
1396	54	1
1396	196	1
1396	290	1
1426	1	1
1426	35	1
1426	38	1
1433	1	1
1433	3	1
1450	1	1
1450	5	1
1450	20	1
1450	188	1
1450	212	1
1450	213	1
1450	314	1
1450	743	1
1450	965	1
1450	1215	1
1484	1	1
1484	23	1
1484	46	1
1484	54	1
1484	219	1
1486	1	1
1486	31	1
1486	754	1
1486	985	1
1486	986	1
1486	1122	1
1580	1	1
1580	319	1
1580	1335	1
1617	1	1
1617	3	1
1617	84	1
1620	1	1
1620	3	1
1620	1433	1
1624	1	1
1624	2	1
1624	21	1
1624	42	1
1624	452	1
1632	1	1
1632	22	1
1640	1	1
1640	4	1
1640	24	1
1640	133	1
1640	1055	1
1657	1	1
1657	14	1
1657	221	1
1657	224	1
1657	1534	1
1666	1	1
1666	54	1
1666	328	1
1666	404	1
1674	1	1
1674	37	1
1674	42	1
1674	139	1
1674	382	1
1674	581	1
1674	671	1
1674	1578	1
1675	1	1
1675	934	1
1751	1	1
1751	489	1
71	2	3
71	3	1
71	15	6
71	37	1
71	68	2
102	2	2
102	10	1
102	15	1
102	20	1
102	22	1
102	27	1
102	36	1
102	68	2
102	71	2
102	72	6
102	77	6
102	81	1
102	83	4
103	2	2
103	20	1
103	71	1
103	72	4
103	77	3
103	83	3
103	102	8
140	2	4
140	6	1
140	21	5
140	42	1
140	56	4
140	139	7
151	2	2
151	15	1
151	19	1
151	20	1
151	41	2
151	68	1
151	71	2
151	72	6
151	77	6
151	83	4
151	91	2
151	102	2
151	103	1
167	2	2
167	3	2
167	4	4
167	15	1
167	17	1
167	22	6
167	24	1
167	38	1
167	60	2
167	99	1
167	100	1
167	165	1
174	2	5
174	4	1
174	7	1
174	31	1
174	62	1
174	79	1
174	80	1
174	111	1
174	142	1
174	160	1
175	2	5
175	174	6
184	2	1
184	4	4
184	20	1
184	22	6
184	25	3
184	51	2
184	63	1
184	64	1
184	82	2
184	111	1
184	123	1
184	142	1
185	2	2
185	154	6
186	2	1
186	15	1
186	61	2
186	68	5
186	71	1
186	72	1
186	83	1
187	2	2
187	15	2
187	36	1
187	61	2
187	68	4
187	71	1
187	72	1
187	83	1
187	186	6
190	2	6
190	107	1
205	2	1
205	4	2
205	15	3
205	62	1
205	69	1
205	70	2
205	73	1
205	89	1
205	100	2
205	101	1
205	104	5
205	109	1
205	170	2
205	178	1
214	2	3
214	3	1
214	4	1
214	5	1
214	19	5
214	21	1
214	41	2
214	74	1
214	91	2
214	99	1
214	151	2
231	2	5
231	3	3
231	15	4
231	36	1
231	61	2
231	86	1
238	2	1
238	6	1
238	7	1
238	70	1
238	104	5
238	205	5
238	232	1
242	2	5
242	107	1
242	171	1
242	190	2
266	2	2
266	3	2
266	19	1
266	36	2
266	68	2
266	70	1
266	104	4
266	149	1
266	155	1
266	169	1
266	192	1
266	205	4
266	225	1
266	238	4
266	246	1
266	255	1
282	2	3
282	3	2
282	15	4
283	2	2
283	6	1
283	10	1
283	42	4
283	139	3
283	140	1
293	2	1
293	4	1
293	31	1
293	32	1
293	62	1
293	63	1
293	77	1
293	142	1
293	183	1
293	209	1
293	232	1
293	249	2
293	292	1
294	2	3
294	3	2
294	4	2
294	14	1
294	19	1
294	20	1
294	31	2
294	36	1
294	41	1
294	62	1
294	68	1
294	83	1
294	84	2
294	96	1
294	111	2
294	115	1
294	123	1
294	141	1
294	142	2
294	149	1
294	161	1
294	169	1
294	174	1
294	183	1
294	209	1
294	236	1
294	243	1
294	255	2
294	266	1
294	292	2
294	293	4
300	2	4
300	107	2
300	190	1
300	242	3
311	2	1
311	3	1
311	15	1
311	29	1
311	36	1
311	63	2
311	148	4
311	149	1
311	154	1
311	185	1
311	215	1
311	243	1
311	255	3
311	260	1
311	266	1
311	292	1
311	295	1
315	2	2
315	3	1
315	4	3
315	5	1
315	19	1
315	22	1
315	24	2
315	29	1
315	63	1
315	64	1
315	111	1
315	115	1
315	144	1
315	149	1
315	155	1
315	184	1
315	219	1
315	243	1
315	247	1
315	266	1
315	294	2
315	299	1
315	314	4
320	2	3
320	4	1
320	82	4
320	190	2
320	226	4
320	242	1
327	2	1
327	10	1
327	54	1
327	61	1
327	196	1
327	326	3
345	2	3
345	3	1
345	19	1
345	34	1
345	42	2
345	72	1
345	77	1
345	81	1
345	104	2
345	154	1
345	169	1
345	188	3
345	255	1
345	288	3
352	2	1
352	107	1
352	190	3
352	242	1
352	300	1
352	318	3
366	2	1
366	29	2
366	65	1
366	124	1
366	128	1
366	249	1
389	2	2
389	4	3
389	5	2
389	29	1
389	150	1
389	177	1
389	274	1
391	2	1
391	3	1
391	14	1
391	20	1
391	71	1
391	74	1
391	192	1
391	224	1
391	232	1
391	255	3
391	266	1
391	292	1
391	294	1
401	2	1
401	4	2
401	10	3
401	15	2
401	54	1
401	81	2
401	117	2
401	133	1
401	196	1
401	284	1
401	367	1
432	2	1
432	4	2
432	5	1
432	24	1
432	314	3
432	315	3
432	372	1
477	2	1
477	3	2
477	32	2
477	139	2
477	275	1
477	318	1
477	387	1
482	2	2
482	3	2
482	23	1
482	27	1
482	46	2
482	71	1
482	75	1
482	90	1
482	120	2
482	121	1
482	232	1
500	2	1
500	104	1
500	154	2
500	185	2
506	2	1
506	15	1
506	86	1
506	100	2
506	101	1
518	2	2
518	15	2
518	36	1
518	196	1
527	2	1
527	29	1
527	63	1
527	73	1
527	104	1
527	154	2
527	185	2
527	200	1
527	215	1
527	260	1
527	292	1
527	311	2
527	500	2
535	2	1
535	7	1
535	18	1
535	94	1
535	95	1
535	174	2
535	175	1
535	318	2
535	520	1
545	2	1
545	25	1
545	77	1
545	83	1
545	96	2
545	141	1
545	255	1
545	294	1
545	345	1
545	359	1
545	493	1
557	2	1
557	4	1
557	10	1
557	42	2
557	82	2
557	109	1
557	118	1
557	139	1
557	211	2
557	283	2
574	2	2
574	23	2
574	27	1
574	34	1
574	36	1
574	81	2
574	102	2
574	104	1
574	111	2
574	169	1
574	188	2
574	216	1
574	232	2
574	257	1
574	292	1
574	295	1
574	345	1
574	378	1
574	455	1
574	497	1
574	524	1
574	571	1
601	2	1
601	37	1
601	39	1
601	49	2
601	105	1
601	106	2
601	594	1
608	2	1
608	4	1
608	27	1
608	29	1
608	52	1
608	63	1
608	99	1
608	104	2
608	106	1
608	111	1
608	115	1
608	123	1
608	124	1
608	142	1
608	148	1
608	149	2
608	174	1
608	177	1
608	209	1
608	246	1
608	294	2
608	315	1
608	358	1
608	376	1
608	459	1
608	471	1
608	476	1
608	560	1
608	568	1
608	569	1
613	2	1
613	17	1
613	57	1
613	74	1
613	108	1
613	180	1
613	490	1
613	612	2
615	2	1
615	4	2
615	22	1
615	63	1
615	64	1
615	111	2
615	123	2
615	206	1
635	2	1
635	15	1
635	36	2
635	68	1
635	186	1
635	232	1
635	266	1
635	294	1
635	497	1
635	501	2
635	546	1
635	634	2
661	2	1
661	29	1
661	46	1
661	73	1
661	77	1
661	96	1
661	104	1
661	154	1
661	200	1
661	260	1
661	289	1
661	292	2
661	293	2
661	294	1
661	315	1
661	339	1
661	389	1
661	427	1
661	469	1
661	517	1
661	527	1
661	569	1
661	571	1
661	572	1
666	2	1
666	27	1
666	42	1
666	75	2
666	482	1
666	489	2
670	2	1
670	23	2
670	169	1
670	257	1
670	524	1
670	574	2
684	2	1
684	11	1
684	203	2
684	245	1
684	408	1
684	438	1
684	499	2
684	542	2
684	543	2
684	606	2
693	2	1
693	4	1
693	27	1
693	82	1
693	190	1
693	211	1
693	251	1
693	497	2
693	557	1
698	2	1
698	3	2
698	32	2
698	477	2
733	2	2
733	3	1
733	4	1
733	32	1
733	41	1
733	124	1
733	149	1
733	266	2
733	293	1
733	294	1
733	311	1
733	429	1
733	545	1
756	2	1
756	17	1
756	110	2
756	303	1
756	445	2
774	2	1
774	4	2
774	14	1
774	41	1
774	84	1
775	2	2
775	42	2
775	139	1
775	140	1
775	283	2
811	2	2
811	19	1
811	23	1
811	27	1
811	41	1
831	2	1
831	4	1
831	293	1
831	294	1
831	429	1
831	733	1
834	2	1
834	36	1
834	63	1
834	225	1
834	266	1
834	597	1
844	2	1
844	18	1
844	99	1
844	229	1
844	540	1
844	734	1
854	2	1
854	4	1
854	293	1
854	294	1
854	429	1
854	733	1
854	831	1
881	2	1
881	190	1
881	251	1
881	580	1
881	693	1
916	2	1
916	27	1
932	2	1
932	4	1
932	29	1
932	236	1
932	249	1
932	251	1
932	294	1
932	358	1
932	359	1
932	389	1
932	520	1
932	535	1
932	661	1
932	686	1
932	782	1
932	923	1
944	2	1
944	4	1
969	2	1
969	129	1
969	274	1
969	389	1
1009	2	1
1009	3	1
1009	18	1
1009	22	1
1009	37	1
1009	38	1
1009	632	1
1009	844	1
1021	2	1
1021	3	1
1021	19	1
1021	169	1
1021	255	1
1021	345	1
1021	467	1
1068	2	1
1068	17	1
1068	446	1
1068	684	1
1094	2	1
1094	65	1
1094	124	1
1094	366	1
1094	367	1
1107	2	1
1107	684	1
1107	1068	1
1121	2	1
1121	107	1
1121	190	1
1121	242	1
1121	300	1
1121	318	1
1121	352	1
1175	2	1
1175	15	1
1175	36	1
1175	77	1
1175	232	1
1175	292	1
1175	293	1
1175	427	1
1175	469	1
1175	635	1
1175	661	1
1184	2	1
1184	42	1
1184	557	1
1278	2	1
1278	154	1
1278	185	1
1278	260	1
1278	315	1
1278	435	1
1278	517	1
1278	661	1
1319	2	1
1319	255	1
1319	391	1
1343	2	1
1343	315	1
1343	517	1
1343	661	1
1343	1278	1
1347	2	1
1347	242	1
1347	300	1
1354	2	1
1354	4	1
1354	293	1
1354	294	1
1354	429	1
1354	733	1
1354	831	1
1354	854	1
1359	2	1
1359	601	1
1455	2	1
1455	4	1
1455	615	1
1455	641	1
1455	657	1
1472	2	1
1472	3	1
1519	2	1
1519	67	1
1519	190	1
1519	251	1
1519	693	1
1519	822	1
1519	881	1
1532	2	1
1532	7	1
1532	42	1
1532	248	1
1532	365	1
1532	429	1
1532	720	1
1532	748	1
1532	801	1
1532	876	1
1539	2	1
1539	7	1
1539	42	1
1539	365	1
1539	1532	1
1579	2	1
1579	17	1
1579	613	1
1579	1241	1
1685	2	1
1685	184	1
1723	2	1
1723	17	1
1768	2	1
1768	129	1
1768	969	1
45	3	2
45	5	1
45	8	2
45	9	9
45	18	1
45	24	3
45	26	11
45	33	5
45	44	16
47	3	3
47	8	16
47	9	15
47	45	2
126	3	4
126	4	1
126	5	1
126	7	1
126	8	1
126	9	4
126	23	2
126	24	1
126	34	1
126	60	7
158	3	1
158	10	1
158	18	1
158	37	1
159	3	1
159	10	1
159	18	1
159	37	1
159	107	1
159	158	6
192	3	1
192	10	2
192	34	1
192	46	2
192	61	2
192	81	1
192	92	2
192	93	2
192	125	2
192	129	1
192	148	2
245	3	2
245	4	2
245	11	1
245	22	1
245	25	5
245	27	1
245	66	2
245	82	1
245	203	1
245	206	1
271	3	1
271	5	1
271	9	1
271	47	2
271	129	1
271	182	1
272	3	3
272	5	4
272	44	1
272	45	2
272	47	3
272	129	1
272	182	1
272	271	4
280	3	1
280	4	4
280	5	1
280	11	1
280	24	1
280	25	3
280	38	1
280	51	1
280	57	2
280	66	1
280	107	4
280	146	1
280	183	1
280	200	4
280	252	1
280	263	1
284	3	1
284	4	4
284	17	1
284	37	1
284	38	1
284	98	1
284	117	3
284	196	1
284	279	1
322	3	1
322	8	1
322	9	1
322	26	1
322	47	2
322	202	2
322	316	1
322	317	1
323	3	1
323	8	1
323	9	1
323	47	3
323	322	3
324	3	1
324	47	1
325	3	2
325	47	2
325	324	3
329	3	2
329	42	3
329	229	3
329	307	2
335	3	2
335	24	1
335	47	1
335	60	1
335	107	1
335	126	1
335	159	1
335	167	3
335	305	1
335	309	1
355	3	3
355	36	2
355	68	3
355	125	1
376	3	1
376	4	1
376	31	1
376	148	1
376	210	1
376	219	1
376	285	1
376	288	1
376	292	1
376	294	1
376	311	1
376	326	1
376	359	1
387	3	1
387	22	3
387	123	3
387	139	1
387	318	1
420	3	1
420	64	1
420	81	1
420	104	1
420	123	1
420	186	1
420	236	1
420	255	1
420	273	1
420	292	1
420	341	1
420	359	3
420	397	1
420	413	1
451	3	1
451	26	3
451	33	2
451	334	1
451	424	1
503	3	1
503	5	1
503	19	2
503	20	1
503	177	1
519	3	2
519	425	2
546	3	1
546	10	1
546	36	1
546	61	1
546	71	2
546	232	2
546	266	1
546	294	1
546	391	1
546	497	1
546	501	1
576	3	2
576	10	2
576	14	1
576	22	2
576	294	1
605	3	1
605	148	1
605	243	1
605	262	1
605	311	2
605	376	1
605	486	1
605	492	1
605	529	1
605	558	2
634	3	1
634	36	1
634	123	1
634	255	1
634	266	1
634	282	1
634	294	2
634	397	1
634	497	1
634	501	2
634	517	1
634	532	1
634	546	1
718	3	1
718	9	2
718	33	1
718	198	1
718	465	1
718	511	1
757	3	1
757	15	1
757	22	1
757	77	2
757	457	1
757	552	2
757	637	2
771	3	1
771	19	1
771	27	1
771	29	1
771	61	1
771	111	1
771	155	1
771	232	1
771	238	1
771	255	1
771	266	1
771	292	2
771	315	1
771	341	1
771	429	1
771	571	1
771	608	1
805	3	1
805	46	1
805	54	2
805	229	1
805	411	1
839	3	1
839	59	1
839	120	1
839	124	1
839	267	1
839	493	1
839	550	1
839	551	1
839	636	1
839	785	1
892	3	1
892	47	1
892	322	1
892	323	1
915	3	1
915	71	1
915	232	1
915	546	1
929	3	1
929	19	1
929	503	1
935	3	1
935	255	1
935	776	1
935	930	1
948	3	1
948	61	1
948	771	1
999	3	1
999	81	1
999	420	1
1013	3	1
1013	4	1
1013	14	1
1013	74	1
1013	111	1
1013	142	1
1013	169	1
1013	174	1
1013	224	1
1013	294	1
1013	391	1
1013	608	1
1013	621	1
1013	988	1
1097	3	1
1097	19	1
1097	503	1
1097	929	1
1172	3	1
1172	4	1
1172	129	1
1172	180	1
1172	275	1
1172	285	1
1172	376	1
1172	597	1
1172	937	1
1172	1132	1
1186	3	1
1186	553	1
1196	3	1
1196	15	1
1196	86	1
1196	205	1
1198	3	1
1198	71	1
1198	232	1
1198	546	1
1198	915	1
1251	3	1
1251	42	1
1251	229	1
1251	307	1
1251	329	1
1251	452	1
1269	3	1
1269	71	1
1269	232	1
1269	546	1
1269	915	1
1269	1198	1
1295	3	1
1295	282	1
1295	634	1
1328	3	1
1328	42	1
1328	229	1
1328	307	1
1328	329	1
1328	452	1
1328	1251	1
1390	3	1
1390	61	1
1390	771	1
1390	948	1
1438	3	1
1438	22	1
1438	570	1
1438	629	1
1470	3	1
1470	111	1
1497	3	1
1548	3	1
1548	15	1
1548	90	1
1549	3	1
1549	86	1
1549	104	1
1549	246	1
1556	3	1
1556	29	1
1570	3	1
1570	447	1
1577	3	1
1577	266	1
1623	3	1
1623	45	1
1700	3	1
1700	1497	1
1716	3	1
1716	24	1
1716	60	1
1716	167	1
1716	335	1
1739	3	1
1739	43	1
1740	3	1
1740	169	1
96	4	1
96	20	1
96	25	9
96	28	4
96	42	2
96	46	1
96	51	2
96	66	3
96	83	1
115	4	1
115	6	1
115	7	2
115	31	1
115	39	1
115	40	2
115	62	1
115	104	1
115	114	8
117	4	7
117	17	1
117	37	1
117	38	2
118	4	7
118	58	1
118	82	1
118	109	6
118	110	1
149	4	2
149	148	6
177	4	1
177	5	6
177	19	2
177	20	1
177	25	1
177	31	1
177	51	1
177	55	1
177	80	1
177	87	4
177	104	1
177	115	2
178	4	6
178	5	1
178	28	1
178	42	1
178	87	1
178	109	4
178	110	1
178	118	3
178	150	1
178	176	1
183	4	6
183	5	2
183	25	1
183	31	2
183	51	1
183	58	1
183	62	2
183	66	1
183	111	2
183	142	3
188	4	1
188	5	1
188	20	1
188	58	1
188	104	2
188	111	6
188	146	1
188	183	3
211	4	1
211	25	2
211	78	1
211	82	5
211	109	1
211	118	1
211	184	1
226	4	4
226	82	5
226	109	1
226	178	1
226	205	1
236	4	2
236	58	5
236	64	1
236	104	2
236	124	1
240	4	4
240	22	4
240	60	1
240	167	5
243	4	2
243	72	1
243	148	4
243	149	5
247	4	1
247	6	1
247	7	2
247	29	1
247	52	2
247	62	1
247	114	5
247	115	5
247	128	1
247	160	4
247	164	1
247	165	1
262	4	3
262	5	4
262	20	3
262	127	1
262	176	1
269	4	4
269	5	2
269	18	1
269	55	2
269	250	3
287	4	1
287	5	1
287	6	2
287	7	1
287	40	2
287	58	3
287	63	2
287	84	1
287	135	4
287	136	4
287	148	1
287	160	1
287	195	3
287	217	2
287	255	3
301	4	4
301	38	4
301	117	1
321	4	1
321	5	3
321	28	1
321	127	1
321	132	1
321	262	1
336	4	1
336	37	3
336	58	1
336	236	1
350	4	1
350	5	3
350	28	1
350	127	1
350	132	1
350	262	1
350	321	3
364	4	1
364	5	3
364	74	2
379	4	1
379	20	3
379	25	1
379	82	1
379	102	1
379	104	1
379	111	3
379	142	1
379	188	1
383	4	2
383	22	3
383	123	1
383	184	3
383	280	1
383	332	1
421	4	2
421	5	3
421	17	1
421	20	1
421	127	1
439	4	2
439	17	3
439	110	1
439	219	1
449	4	1
449	6	2
449	20	1
449	29	3
449	52	1
449	62	1
449	73	1
449	75	1
449	114	2
449	115	1
449	128	1
449	160	1
449	165	1
449	205	1
449	249	1
468	4	2
468	5	2
468	382	2
474	4	2
474	98	1
474	196	1
474	284	2
486	4	1
486	17	1
486	37	1
486	38	1
486	42	1
486	117	2
486	128	1
486	279	1
486	284	2
486	401	1
486	483	1
492	4	2
492	5	2
492	20	1
492	262	2
512	4	1
512	22	1
512	146	2
512	147	2
526	4	2
526	22	1
526	39	1
568	4	1
568	32	1
568	58	1
568	63	1
568	104	1
568	115	1
568	177	1
568	209	1
568	293	1
568	358	2
568	435	1
568	471	1
568	517	1
591	4	1
591	5	1
591	127	1
591	378	1
622	4	2
622	17	1
622	214	1
622	225	1
646	4	1
646	62	1
646	73	1
646	205	1
646	294	1
646	345	1
646	396	1
646	435	1
646	449	1
665	4	1
665	58	1
665	121	1
665	139	1
665	203	2
665	297	1
665	299	1
665	438	2
665	598	2
704	4	1
704	5	2
704	37	1
704	74	1
704	94	1
704	95	1
704	364	1
704	382	1
704	468	1
704	668	1
704	700	1
731	4	1
731	35	1
731	58	1
731	84	1
731	143	2
731	144	1
731	287	1
731	360	1
793	4	1
793	5	1
793	24	1
793	38	1
793	78	1
793	127	1
793	230	1
793	262	1
793	321	1
793	350	1
793	372	1
794	4	1
794	24	1
794	38	1
794	78	1
794	230	1
794	372	1
794	793	2
826	4	1
826	10	1
826	38	1
826	94	1
826	117	1
826	157	1
826	301	1
855	4	1
855	55	1
855	250	1
855	269	1
857	4	1
857	82	1
857	145	1
857	602	1
865	4	1
865	46	1
865	58	1
865	59	1
865	84	1
865	96	1
865	149	1
865	251	1
865	266	1
865	287	1
865	304	1
865	311	1
865	339	1
865	378	1
865	517	1
865	530	1
865	569	1
865	661	1
865	731	1
865	733	1
865	770	1
885	4	1
885	25	1
885	38	1
885	51	1
885	78	1
885	82	1
885	109	1
885	230	1
885	372	1
885	455	1
885	793	1
885	794	1
954	4	1
954	123	1
955	4	1
955	123	1
955	954	1
1028	4	1
1028	38	1
1028	75	1
1028	78	1
1028	230	1
1028	249	1
1028	372	1
1028	793	1
1028	794	1
1028	885	1
1030	4	1
1030	46	1
1030	68	1
1030	96	1
1030	111	1
1030	142	1
1030	174	1
1030	236	1
1030	294	1
1030	339	1
1030	358	1
1030	359	1
1030	569	1
1030	608	1
1030	661	1
1030	761	1
1030	865	1
1030	937	1
1030	952	1
1030	1013	1
1066	4	1
1066	63	1
1066	111	1
1066	142	1
1066	174	1
1066	294	1
1066	469	1
1066	608	1
1066	1013	1
1066	1030	1
1072	4	1
1072	5	1
1072	17	1
1095	4	1
1095	43	1
1095	209	1
1095	293	1
1095	294	1
1095	833	1
1119	4	1
1119	63	1
1119	64	1
1119	111	1
1119	184	1
1119	315	1
1143	4	1
1143	43	1
1143	1095	1
1230	4	1
1230	285	1
1230	376	1
1230	1172	1
1231	4	1
1231	149	1
1231	285	1
1231	376	1
1231	608	1
1231	1172	1
1231	1230	1
1257	4	1
1257	39	1
1288	4	1
1288	285	1
1288	376	1
1288	1172	1
1288	1230	1
1288	1231	1
1294	4	1
1294	42	1
1294	467	1
1294	795	1
1297	4	1
1297	123	1
1297	954	1
1297	955	1
1322	4	1
1322	145	1
1322	280	1
1322	383	1
1352	4	1
1352	22	1
1352	526	1
1473	4	1
1473	183	1
1575	4	1
1575	42	1
1575	1294	1
1709	4	1
1709	35	1
1728	4	1
1728	22	1
1728	133	1
1767	4	1
1767	20	1
217	5	5
217	17	2
217	20	2
217	22	1
217	55	1
217	58	3
217	74	1
217	87	2
217	177	2
310	5	1
310	9	1
310	60	1
310	126	1
310	129	1
310	194	2
310	220	1
310	271	1
310	272	1
310	309	4
340	5	1
340	17	1
340	57	2
340	58	1
340	108	1
340	210	3
340	217	1
340	252	1
340	287	1
340	339	3
491	5	1
491	490	2
505	5	1
505	10	2
505	54	1
505	245	2
505	426	2
505	436	2
588	5	1
588	9	1
588	10	1
588	129	1
588	271	2
588	272	1
588	309	1
588	310	1
732	5	1
732	19	1
732	115	1
732	195	1
732	461	2
732	462	2
732	507	1
732	528	1
732	624	2
732	625	1
749	5	1
749	47	1
749	272	1
749	360	2
749	617	1
767	5	1
767	19	1
767	87	1
767	177	2
804	5	1
804	491	2
804	508	1
804	509	1
804	621	1
832	5	1
832	129	1
832	271	1
832	272	1
832	309	1
832	310	1
832	588	1
1082	5	1
1082	272	1
1283	5	1
1283	74	1
1283	394	1
1453	5	1
1453	19	1
1456	5	1
1456	272	1
1456	1082	1
1530	5	1
1530	55	1
1530	279	1
1730	5	1
1730	58	1
1730	183	1
1730	188	1
26	6	3
26	8	6
26	9	20
53	6	2
53	10	1
53	24	1
53	29	1
53	34	1
53	35	3
53	38	1
53	39	1
53	40	1
53	49	4
53	50	8
53	52	15
131	6	1
131	29	1
131	35	2
131	49	1
131	50	1
131	52	7
131	53	7
131	78	1
194	6	1
194	8	1
194	9	5
194	26	3
194	33	2
194	34	1
194	44	4
194	45	4
194	60	2
194	116	2
194	126	1
194	134	5
194	182	1
199	6	4
199	7	4
199	10	1
199	31	1
199	42	5
199	62	1
199	79	1
199	80	1
199	114	1
199	160	5
369	6	3
369	9	3
369	26	2
369	44	1
369	45	1
369	335	1
385	6	1
385	128	1
385	245	1
385	343	3
385	353	1
626	6	2
626	7	2
626	10	1
626	114	1
626	199	2
626	248	1
668	6	1
668	35	1
668	37	2
668	67	1
668	75	1
741	6	1
741	7	1
741	238	2
789	6	1
789	27	1
789	56	2
796	6	1
796	7	1
796	129	2
796	135	1
796	136	1
796	287	1
796	289	2
796	413	1
796	532	1
1044	6	1
1044	235	1
1128	6	1
1128	149	1
1128	266	1
1128	311	1
1128	449	1
1128	733	1
1128	865	1
1128	950	1
1128	1071	1
1128	1076	1
1291	6	1
1291	75	1
1446	6	1
1446	56	1
1446	789	1
1568	6	1
1568	215	1
405	7	2
405	31	3
405	73	3
405	376	1
1052	7	1
1052	126	1
1052	309	1
1418	7	1
1418	31	1
1418	62	1
1418	79	1
1418	80	1
1418	174	1
33	8	2
33	9	11
33	26	18
44	8	2
44	9	5
44	26	10
44	33	6
202	8	5
202	9	4
202	47	5
316	8	1
316	9	1
316	47	1
317	8	1
317	9	1
317	47	1
317	316	4
337	8	1
337	47	3
337	182	1
337	202	3
337	271	1
337	272	1
392	8	1
392	9	1
392	47	3
393	8	3
393	9	3
393	47	2
393	202	3
587	8	1
587	47	2
587	323	2
587	360	1
691	8	1
691	47	2
691	202	2
691	322	1
691	337	1
691	392	1
691	687	1
715	8	2
715	9	2
751	8	1
751	9	1
751	26	1
751	126	1
751	322	1
752	8	1
752	9	1
752	26	1
752	126	1
752	316	1
752	317	1
752	322	1
752	360	1
752	751	2
787	8	1
787	44	1
787	45	1
787	47	2
787	272	1
787	587	2
1081	8	1
1081	9	1
1081	47	1
1125	8	1
1126	8	1
1126	1125	1
1373	8	1
1373	9	1
1373	26	1
1373	322	1
1373	751	1
1373	752	1
1382	8	1
1382	9	1
1401	8	1
1401	9	1
1401	45	1
1448	8	1
1448	9	1
1448	26	1
1448	322	1
1448	751	1
1448	752	1
1448	1080	1
1448	1373	1
1474	8	1
1474	9	1
1483	8	1
1483	220	1
1487	8	1
1487	9	1
1487	47	1
1547	8	1
1547	9	1
1547	323	1
1547	587	1
1547	1096	1
1547	1327	1
1585	8	1
1613	8	1
1613	1585	1
1724	8	1
1724	9	1
1724	26	1
1772	8	1
1772	9	1
1772	47	1
1772	202	1
134	9	2
134	26	7
134	33	6
134	44	6
134	45	4
134	60	1
156	9	1
156	26	2
156	33	3
156	44	6
156	45	6
156	60	1
156	134	1
181	9	1
181	33	5
181	44	1
182	9	1
182	26	1
182	33	5
182	44	2
182	45	1
182	116	1
182	134	1
182	181	6
197	9	1
197	44	1
270	9	3
270	26	1
270	33	1
270	60	4
270	156	1
415	9	1
415	26	2
415	33	2
415	44	3
415	45	1
415	60	1
415	134	1
415	156	1
415	182	1
415	194	2
415	253	3
415	258	2
415	270	1
465	9	2
465	198	2
511	9	1
511	198	1
511	465	2
567	9	1
567	26	1
567	33	1
567	60	1
567	156	1
567	270	1
567	415	2
599	9	1
599	271	2
599	272	1
599	298	1
599	588	1
712	9	1
712	47	1
712	60	1
712	126	1
713	9	1
713	47	1
713	712	2
800	9	1
800	26	1
800	134	1
800	194	2
1189	9	1
1189	60	1
1189	116	1
1189	270	1
1189	1078	1
1210	9	1
1210	60	1
1744	9	1
1744	198	1
162	10	1
162	11	1
162	16	1
162	42	1
162	77	1
162	107	4
162	159	2
212	10	1
212	16	1
212	20	1
212	22	1
212	73	2
212	142	1
212	188	1
362	10	2
362	16	1
362	29	1
362	34	3
363	10	2
363	16	1
363	29	1
363	34	3
363	362	3
441	10	1
441	49	1
441	158	2
441	159	3
441	164	1
441	305	2
442	10	1
442	16	1
442	22	1
442	27	2
442	147	3
442	221	1
442	229	1
448	10	3
448	18	1
448	68	1
639	10	1
639	24	1
639	137	1
639	138	1
639	191	1
639	203	2
643	10	1
643	42	1
643	139	1
643	283	2
643	557	2
663	10	1
663	54	1
663	107	2
663	173	2
663	196	1
663	245	2
663	326	1
663	327	1
663	436	2
663	505	2
663	515	2
667	10	2
667	16	2
667	34	1
798	10	2
798	42	1
798	283	1
798	448	1
798	557	1
798	643	1
802	10	2
802	54	1
802	68	1
802	196	1
802	326	1
802	327	1
802	448	1
802	663	1
815	10	1
815	68	1
815	102	2
815	104	1
815	562	1
842	10	1
842	267	1
847	10	1
847	316	1
847	317	1
847	360	1
847	588	1
847	752	1
872	10	1
872	588	1
872	847	1
918	10	1
918	68	1
918	448	1
918	802	1
1206	10	1
1206	17	1
1206	110	1
1206	206	1
1207	10	1
1207	17	1
1207	1206	1
1355	10	1
1355	45	1
1355	47	1
1355	588	1
1355	847	1
1355	872	1
1355	1266	1
1621	10	1
1621	81	1
1710	10	1
1710	447	1
88	11	9
88	12	2
88	42	2
88	76	1
88	77	1
119	11	3
119	12	6
119	13	7
119	17	1
119	57	6
119	76	1
119	85	1
119	88	1
163	11	1
163	16	1
163	88	1
163	107	3
163	162	6
274	11	2
274	12	2
274	13	1
274	57	1
274	119	4
277	11	1
277	29	2
277	34	1
277	35	2
277	78	2
277	119	1
277	162	1
277	163	1
277	170	3
277	256	4
277	257	4
277	274	2
277	276	4
344	11	2
344	77	1
344	88	1
344	99	1
344	107	1
344	162	3
344	163	2
370	11	2
370	42	1
370	88	1
370	107	3
370	280	2
408	11	1
408	203	1
408	245	3
414	11	2
414	12	2
414	13	1
414	42	3
414	77	1
414	88	1
414	107	2
414	162	2
414	280	1
414	370	3
433	11	2
433	12	1
433	13	1
433	119	1
433	162	3
433	163	1
433	164	1
433	274	2
433	277	2
433	299	2
433	428	3
438	11	1
438	203	3
438	245	1
438	297	1
438	408	1
443	11	3
443	12	1
443	13	1
443	88	1
443	107	2
443	119	1
443	335	1
456	11	3
456	12	1
456	77	1
456	107	1
456	280	1
456	370	2
456	414	2
456	443	2
458	11	3
458	12	1
458	17	1
458	88	1
458	146	1
458	159	1
458	172	1
458	305	1
458	335	1
458	409	1
458	426	1
458	445	1
499	11	1
499	203	2
499	245	2
499	408	2
499	438	1
542	11	1
542	203	2
542	245	1
542	408	1
542	438	1
542	499	2
543	11	1
543	203	2
543	245	1
543	408	1
543	438	1
543	499	2
543	542	2
555	11	1
555	107	1
555	162	2
555	163	1
555	164	1
555	299	2
555	428	2
606	11	1
606	203	2
606	245	1
606	408	1
606	438	1
606	499	2
606	542	2
606	543	2
1671	11	1
1671	12	1
1736	11	1
1736	12	1
1736	13	1
566	12	1
566	77	1
566	129	2
566	289	2
566	414	1
566	456	1
566	565	2
152	13	6
152	34	1
152	39	1
152	76	6
152	128	1
152	130	2
299	13	1
299	99	1
299	107	2
299	139	1
299	162	4
299	163	3
299	164	3
299	245	1
299	277	1
313	13	4
313	76	2
313	114	1
313	129	1
313	147	2
313	204	2
423	13	1
423	34	1
423	107	1
423	221	3
919	13	1
919	107	1
919	147	1
920	13	1
920	23	1
1345	13	1
1345	31	1
1496	13	1
1496	31	1
1496	1345	1
1662	13	1
1662	85	1
1662	466	1
1662	467	1
1662	590	1
913	14	1
913	30	1
913	692	1
978	14	1
978	27	1
978	147	1
978	275	1
978	564	1
978	630	1
978	931	1
1088	14	1
1088	46	1
1088	59	1
1088	120	1
1088	121	1
1088	169	1
1226	14	1
1226	22	1
1226	30	1
1242	14	1
1242	46	1
1242	57	1
1242	59	1
1242	120	1
1242	121	1
1242	169	1
1242	252	1
1242	280	1
1242	1088	1
69	15	2
70	15	2
70	69	12
89	15	2
89	69	9
89	70	9
89	86	3
396	15	1
396	81	1
396	154	1
396	232	2
396	293	1
396	294	1
396	376	1
513	15	1
513	20	1
513	72	2
513	77	2
513	102	2
513	103	1
513	151	2
513	246	1
593	15	2
593	205	2
593	326	2
593	327	2
593	495	2
593	496	2
739	15	1
739	231	1
739	548	1
740	15	1
740	192	1
740	739	2
766	15	1
766	21	2
766	56	1
766	67	2
766	167	1
766	447	1
766	652	1
880	15	1
880	72	1
880	77	1
880	102	1
880	151	1
880	246	1
880	513	1
924	15	1
924	72	1
924	77	1
924	102	1
924	151	1
924	246	1
924	513	1
924	880	1
998	15	1
998	196	1
1130	15	1
1130	86	1
1366	15	1
1367	15	1
1367	1366	1
1557	15	1
1557	81	1
1557	396	1
1729	15	1
1729	196	1
1729	998	1
845	16	1
845	99	1
845	176	1
845	229	1
845	540	1
845	734	1
845	844	1
876	16	1
876	248	1
876	429	1
876	720	1
876	748	1
876	801	1
876	845	1
925	16	1
925	845	1
925	876	1
1015	16	1
1015	845	1
1015	876	1
1015	925	1
1310	16	1
1310	845	1
1310	876	1
1310	925	1
1310	1015	1
1329	16	1
1329	845	1
1329	876	1
1329	925	1
1329	1015	1
1329	1310	1
1444	16	1
1445	16	1
1445	1444	1
353	17	1
353	107	1
353	233	3
353	234	1
353	286	1
446	17	3
446	55	1
446	233	1
464	17	2
464	25	1
464	96	2
464	439	2
464	463	2
627	17	2
701	17	1
701	99	1
701	146	2
701	458	1
729	17	1
729	29	2
729	35	2
729	52	2
729	53	1
729	78	1
729	144	1
729	211	1
729	315	1
729	360	1
729	372	1
729	439	1
729	464	1
729	473	1
729	525	1
729	531	1
729	638	1
729	695	2
807	17	2
807	439	1
807	464	1
807	627	1
873	17	1
873	340	1
1002	17	1
1002	540	1
1100	17	1
1100	20	1
1108	17	1
1108	20	1
1108	1100	1
1284	17	1
1284	390	1
1284	1012	1
1284	1167	1
1284	1168	1
1379	17	1
1379	439	1
1379	464	1
1379	729	1
1383	17	1
1383	110	1
1383	327	1
1478	17	1
1478	627	1
1478	807	1
1488	17	1
1488	38	1
1488	167	1
1488	279	1
1598	17	1
1598	627	1
1607	17	1
1607	446	1
330	19	3
331	19	3
331	330	3
341	19	1
341	36	1
341	68	3
341	72	1
341	83	1
341	111	1
341	123	1
341	164	1
341	186	2
341	187	1
341	255	1
341	266	2
341	292	1
342	19	1
342	57	3
342	210	1
342	223	1
342	263	2
342	315	1
378	19	3
378	59	1
378	68	1
378	214	1
378	232	1
378	251	1
427	19	1
427	68	3
427	72	1
427	77	1
427	292	2
427	293	1
427	341	1
427	345	1
427	359	1
427	420	1
647	19	1
647	115	1
647	273	1
647	345	1
647	420	1
647	435	1
647	459	1
647	461	1
647	471	1
647	646	2
707	19	1
707	186	1
707	292	1
707	378	2
707	574	1
770	19	2
770	27	1
770	59	1
770	251	1
770	314	1
770	378	1
770	517	1
782	19	2
782	29	1
782	255	1
782	342	1
782	389	1
782	545	1
782	661	1
782	770	1
835	19	1
835	314	1
835	770	1
838	19	1
886	19	1
886	314	1
886	770	1
886	835	1
887	19	1
887	314	1
887	770	1
887	835	1
887	886	1
894	19	1
894	292	1
894	771	1
926	19	1
926	63	1
926	74	1
974	19	1
974	104	1
974	292	1
974	294	1
974	558	1
974	754	1
974	813	1
994	19	1
994	314	1
994	770	1
994	835	1
994	886	1
994	887	1
1024	19	1
1024	342	1
1024	782	1
1115	19	1
1115	78	1
1115	278	1
1115	314	1
1115	770	1
1115	835	1
1115	886	1
1115	887	1
1115	994	1
1137	19	1
1137	28	1
1137	29	1
1137	35	1
1137	460	1
1183	19	1
1183	292	1
1183	771	1
1183	894	1
1192	19	1
1192	647	1
1192	865	1
1192	1187	1
1272	19	1
1272	314	1
1272	770	1
1272	835	1
1272	886	1
1272	887	1
1272	994	1
1272	1115	1
1371	19	1
1371	63	1
1371	74	1
1371	926	1
1375	19	1
1375	314	1
1375	770	1
1375	835	1
1375	886	1
1375	887	1
1375	994	1
1375	1115	1
1375	1272	1
1459	19	1
1459	177	1
1459	767	1
1467	19	1
1467	177	1
1467	767	1
1467	1459	1
1521	19	1
1521	838	1
1553	19	1
1553	68	1
1553	266	1
1553	341	1
435	20	1
435	32	1
435	34	1
435	63	1
435	154	2
435	185	2
435	260	3
435	293	1
550	20	1
551	20	1
551	550	2
562	20	1
562	72	1
562	77	1
562	102	2
562	103	1
562	151	1
562	513	1
581	20	1
581	42	1
581	68	1
581	139	1
581	186	1
581	244	1
581	318	2
581	341	1
581	382	1
581	535	2
662	20	1
662	146	2
662	147	2
662	204	1
662	539	1
820	20	1
820	96	1
822	20	1
822	34	1
822	67	1
822	83	1
822	111	1
822	115	1
822	148	1
822	255	1
822	260	1
822	294	1
822	341	1
822	391	1
822	435	1
822	571	1
822	659	1
822	660	1
822	771	1
1032	20	1
1032	581	1
1208	20	1
1208	184	1
1208	580	1
1208	662	1
1215	20	1
1215	188	1
1215	212	1
1215	213	1
1584	20	1
1752	20	1
1752	1584	1
531	21	1
531	35	2
531	56	1
531	67	1
531	78	1
531	135	1
531	318	1
1443	21	1
1443	56	1
1443	67	1
1443	135	1
1443	531	1
332	22	1
332	82	1
332	184	3
332	211	1
538	22	2
538	208	2
538	505	2
777	22	2
806	22	2
806	777	2
1165	22	1
1165	25	1
1165	51	1
1165	142	1
1165	184	1
1287	22	1
1287	29	1
1287	217	1
1287	366	1
1287	367	1
1528	22	1
1528	777	1
1528	806	1
1545	22	1
1545	123	1
1545	387	1
1691	22	1
1691	777	1
1691	806	1
368	23	1
368	196	3
368	290	3
434	23	1
434	196	3
434	290	3
434	368	3
695	23	1
695	29	2
695	35	1
695	52	2
695	53	1
695	112	1
695	113	1
695	638	1
827	23	1
828	23	1
828	827	1
987	23	1
987	63	1
987	255	1
987	287	1
987	292	1
987	319	1
987	490	1
987	596	1
273	24	1
273	29	1
273	35	4
273	39	3
273	40	1
273	52	1
273	67	1
333	24	1
333	29	1
333	35	2
333	49	1
333	50	1
333	52	3
333	105	2
333	106	1
333	180	1
333	196	1
472	24	2
472	29	1
472	35	2
472	39	1
472	40	2
472	52	1
472	67	2
472	273	2
498	24	1
498	29	2
498	35	2
498	39	1
498	40	1
498	52	2
498	67	1
498	273	2
498	449	1
498	472	2
594	24	1
594	35	1
594	38	1
594	49	2
594	106	2
594	230	1
640	24	1
640	137	1
640	138	1
640	191	1
640	203	1
640	639	2
656	24	1
656	49	1
656	50	1
656	137	2
656	138	2
656	203	1
742	24	1
742	37	2
742	67	2
742	107	1
742	714	1
799	24	1
799	25	1
799	39	1
799	49	1
799	67	1
799	106	1
799	221	1
799	423	1
799	594	1
799	601	2
799	714	1
912	24	1
912	29	1
912	35	1
912	49	1
912	50	1
912	78	1
912	105	1
912	162	1
912	280	1
912	334	1
912	414	1
912	672	1
912	673	1
1078	24	1
1078	60	1
1078	116	1
1131	24	1
1131	28	1
1131	372	1
1255	24	1
1255	303	1
1389	24	1
1389	128	1
1389	195	1
1421	24	1
1421	1255	1
1494	24	1
1494	294	1
1494	1089	1
1494	1202	1
1494	1255	1
1494	1421	1
1615	24	1
1615	162	1
1615	191	1
1615	267	1
1615	808	1
1615	1211	1
455	25	3
455	27	1
455	28	1
455	51	2
455	66	1
455	82	1
455	87	1
455	102	1
455	109	2
455	245	1
743	25	2
743	51	2
743	176	1
743	367	1
848	25	1
848	175	1
848	763	1
848	799	1
984	25	1
984	28	1
984	66	1
984	225	1
1527	25	1
1527	799	1
1527	848	1
1606	25	1
1606	28	1
1606	66	1
1606	225	1
1606	984	1
253	26	1
253	33	1
253	44	4
253	45	1
253	134	2
253	182	1
253	194	3
258	26	2
258	33	2
258	44	4
258	45	2
258	134	3
258	182	1
258	194	4
258	253	3
769	26	1
769	33	1
769	44	2
769	45	1
769	134	1
769	182	1
769	194	1
769	253	2
769	258	1
769	415	2
856	26	1
856	451	1
1053	26	1
1053	47	1
1758	26	1
1758	33	1
358	27	1
358	41	1
358	104	1
358	212	1
358	250	1
358	287	1
358	292	1
358	294	1
358	357	1
497	27	2
497	29	1
497	34	1
497	36	1
497	71	1
497	72	1
497	77	2
497	83	2
497	151	2
497	266	1
497	294	1
585	27	1
585	46	1
585	77	2
585	292	1
585	358	1
585	469	1
585	560	1
585	571	2
617	27	1
617	29	2
617	34	1
617	360	1
617	497	1
618	27	1
618	29	2
618	34	1
618	497	1
618	617	2
736	27	1
736	71	1
736	80	1
736	177	2
736	232	1
736	482	1
736	560	1
736	571	1
736	582	2
783	27	1
783	295	1
784	27	1
784	295	1
784	783	2
952	27	1
952	29	1
952	46	1
952	96	1
952	339	1
952	569	1
952	608	1
952	661	1
952	771	1
952	865	1
988	27	1
988	169	1
988	357	1
988	548	1
988	549	1
988	621	1
1014	27	1
1014	102	1
1014	455	1
1014	574	1
1146	27	1
1152	27	1
1152	29	1
1152	42	1
1152	486	1
1152	1151	1
1193	27	1
1193	110	1
1193	564	1
1193	833	1
1193	988	1
1261	27	1
1261	736	1
1397	27	1
1397	29	1
1397	42	1
1397	357	1
1397	586	1
1397	845	1
1458	27	1
1458	770	1
1609	27	1
1609	1146	1
1645	27	1
1645	988	1
1645	1193	1
1715	27	1
1715	736	1
1715	1261	1
1745	27	1
1745	988	1
1745	1193	1
1745	1645	1
170	29	2
170	34	1
170	35	2
170	78	2
170	107	1
256	29	2
256	34	1
256	35	2
256	78	2
256	170	3
276	29	2
276	34	1
276	35	2
276	78	2
276	170	3
276	256	4
276	257	4
278	29	2
278	34	1
278	35	2
278	78	3
278	170	3
278	256	4
278	257	4
278	276	4
278	277	4
354	29	2
354	34	2
354	35	2
354	78	2
354	147	1
354	164	1
354	170	2
354	244	1
354	256	3
354	257	3
354	276	3
354	277	3
354	278	3
638	29	1
638	35	2
638	50	1
638	52	1
638	53	1
638	216	1
672	29	1
672	160	1
672	162	1
672	414	2
812	29	1
812	35	1
812	78	2
833	29	1
833	63	1
833	110	1
833	123	1
833	200	1
833	280	1
833	295	1
833	311	1
833	315	1
833	469	1
833	564	1
833	608	1
833	714	1
893	29	1
893	128	1
893	147	1
895	29	1
895	63	1
895	215	1
895	292	1
895	311	1
895	527	1
901	29	1
901	160	1
901	672	1
903	29	1
903	35	1
903	78	1
903	222	1
903	808	1
903	812	1
966	29	1
966	232	1
966	238	1
966	255	1
966	292	1
966	315	1
966	429	1
966	771	1
966	833	1
1180	29	1
1180	63	1
1180	215	1
1180	288	1
1180	292	1
1180	311	1
1180	527	1
1180	813	1
1180	895	1
1260	29	1
1260	389	1
1260	661	1
1260	782	1
1260	932	1
1350	29	1
1350	34	1
1351	29	1
1351	34	1
1351	1350	1
1407	29	1
1407	35	1
1407	78	1
1480	29	1
1480	52	1
1480	333	1
1501	29	1
1501	315	1
1501	833	1
1501	966	1
1529	29	1
1529	389	1
1529	661	1
1529	782	1
1529	932	1
1529	1030	1
1529	1260	1
1711	29	1
1711	34	1
1733	29	1
1733	695	1
1733	729	1
304	31	1
304	114	2
304	115	4
304	177	1
564	31	1
564	108	1
564	110	1
564	180	2
564	275	1
564	292	1
564	294	1
564	326	1
564	376	1
564	400	2
564	430	2
564	521	1
564	522	1
1376	31	1
1376	292	1
1376	294	1
1376	326	1
1376	376	1
1376	564	1
1376	754	1
792	32	1
792	48	1
792	65	1
792	98	2
792	124	2
792	141	1
792	261	1
792	361	1
792	791	1
1325	32	1
1325	249	1
298	33	2
298	44	2
298	197	2
298	198	4
298	272	1
1649	33	1
1650	33	1
1650	1649	1
816	34	1
816	147	1
816	164	1
816	354	1
816	722	1
816	723	1
819	34	1
819	117	1
819	123	1
819	249	1
836	34	1
837	34	1
837	836	1
868	34	1
868	147	1
868	164	1
868	354	1
868	816	1
1000	34	1
1000	147	1
1000	164	1
1000	354	1
1000	816	1
1000	868	1
1048	34	1
1048	488	1
1111	34	1
1111	1048	1
1133	34	1
1133	114	1
1134	34	1
1134	1048	1
1134	1111	1
1201	34	1
1201	35	1
1201	147	1
1201	164	1
1201	354	1
1201	816	1
1201	868	1
1201	1000	1
1224	34	1
1224	114	1
1224	300	1
1224	980	1
1224	1039	1
1224	1133	1
1432	34	1
1432	129	1
1432	192	1
373	35	2
373	39	1
373	49	1
373	50	1
373	52	3
373	333	2
699	35	1
699	52	2
699	334	2
699	604	1
1006	35	1
1006	408	1
1006	473	1
1006	731	1
1006	846	1
1007	35	1
1007	731	1
1007	1006	1
1116	35	1
1116	731	1
1116	1006	1
1116	1007	1
1245	35	1
1245	1201	1
501	36	1
501	266	1
501	294	1
501	381	2
501	497	1
992	36	1
992	292	1
992	341	1
371	37	2
371	336	3
444	37	1
444	40	1
444	49	3
444	441	1
533	37	2
533	490	2
534	37	2
534	490	2
534	533	2
547	37	1
547	336	2
547	371	1
714	37	2
714	49	1
714	63	1
714	67	1
714	106	1
714	107	1
714	594	1
714	601	2
714	608	2
778	37	2
778	49	1
778	50	1
778	57	1
778	105	1
778	180	1
778	481	1
781	37	2
781	58	1
781	236	1
781	336	1
781	416	1
909	37	1
909	318	1
909	457	1
1075	37	1
1075	57	1
1075	180	1
1209	37	1
1209	601	1
1209	714	1
1282	37	1
1282	59	1
1302	37	1
1302	781	1
1372	37	1
1372	59	1
1372	1282	1
1544	37	1
1544	105	1
1544	106	1
1544	601	1
1544	714	1
1544	1209	1
210	39	1
210	57	5
210	108	1
440	39	3
440	210	1
753	39	2
753	440	2
914	39	1
1162	39	1
1162	376	1
1162	914	1
1246	39	1
1246	914	1
1246	1162	1
1414	39	1
1414	914	1
1414	1162	1
1414	1246	1
1563	39	1
1563	40	1
1698	39	1
1699	39	1
1699	1698	1
233	40	1
233	55	1
233	165	1
233	195	2
541	40	2
790	40	2
790	541	2
1337	40	1
1337	297	1
1337	318	1
786	41	1
786	148	1
786	243	1
786	294	1
786	311	2
786	358	1
786	529	1
786	560	1
786	605	1
1138	41	1
1138	98	1
1334	41	1
1334	98	1
1334	1138	1
586	42	1
586	49	1
586	50	1
586	94	1
586	157	1
586	203	2
586	275	1
586	357	1
586	573	2
586	582	2
678	42	2
678	345	2
765	42	2
765	63	1
765	68	1
765	102	1
765	148	1
765	255	1
765	311	1
765	345	2
765	678	2
1151	42	1
1151	60	1
1151	165	1
1151	486	1
1636	42	1
1636	160	1
1636	199	1
997	43	1
1332	43	1
1332	997	1
653	44	2
653	197	1
653	198	2
653	298	1
1589	44	1
1589	45	1
1589	156	1
1123	45	1
1266	45	1
1266	47	1
1266	360	1
1741	45	1
1741	1123	1
193	46	2
193	148	2
193	192	5
209	46	2
209	104	1
209	115	1
209	148	3
209	177	1
209	192	5
209	193	5
218	46	5
218	54	5
218	148	1
218	192	4
218	193	4
218	209	4
339	46	1
339	57	2
339	96	1
339	108	1
339	210	3
339	252	1
469	46	1
469	63	1
469	77	1
469	102	1
469	192	1
469	255	1
469	266	1
469	292	2
469	293	1
469	295	2
469	311	1
469	326	1
469	391	1
469	427	1
569	46	1
569	96	1
569	104	1
569	115	1
569	177	1
569	209	1
569	339	1
569	358	1
569	471	1
569	568	2
708	46	2
708	447	2
1132	46	1
1132	129	1
1132	180	1
1132	294	1
1132	469	1
1132	585	1
1132	597	1
1132	646	1
1132	937	1
360	47	1
360	143	3
360	144	3
360	315	1
360	316	1
360	317	1
360	323	1
360	338	2
575	47	1
575	324	2
575	325	2
687	47	1
687	202	1
687	272	1
687	322	2
750	47	1
750	202	1
750	322	1
750	687	2
750	691	1
780	47	2
780	202	1
780	322	1
780	337	1
780	687	1
780	750	1
810	47	1
810	271	2
810	728	1
1005	47	1
1005	316	1
1005	317	1
1005	360	1
1005	752	1
1005	847	1
1054	47	1
1054	1053	1
1080	47	1
1080	322	1
1080	687	1
1080	780	1
1080	1079	1
1270	47	1
1270	392	1
1625	47	1
1625	1005	1
1706	47	1
1706	335	1
1760	47	1
1760	272	1
573	49	1
573	50	1
573	94	1
573	157	1
573	203	2
573	275	1
582	49	1
582	50	1
582	80	1
582	94	1
582	157	1
582	177	2
582	203	2
582	275	1
582	573	2
840	49	1
840	594	1
840	601	1
840	714	1
840	799	1
841	49	1
841	594	1
841	601	1
841	714	1
841	799	1
841	840	1
1173	49	1
1173	452	1
1374	49	1
1374	50	1
1374	203	1
1374	573	1
1374	582	1
1374	586	1
1447	49	1
1447	601	1
1477	49	1
1477	594	1
1477	601	1
1477	714	1
1477	799	1
1477	840	1
1477	841	1
1712	49	1
1712	594	1
1073	51	1
1074	51	1
1074	1073	1
1377	52	1
1377	608	1
1378	52	1
1378	608	1
1378	1377	1
509	54	2
509	97	2
509	508	2
1127	54	1
1127	411	1
1127	805	1
1292	55	1
1316	55	1
1316	59	1
1316	99	1
1316	251	1
1316	378	1
1316	517	1
1316	608	1
1316	770	1
1316	865	1
1316	1292	1
1316	1293	1
223	57	5
223	108	1
223	210	3
252	57	4
252	210	3
252	223	2
263	57	4
263	107	1
263	219	2
265	57	1
265	223	3
265	264	4
356	57	2
356	108	1
356	210	3
356	252	1
356	339	3
356	340	3
403	57	2
403	107	1
403	180	2
403	263	2
403	280	1
403	350	1
403	357	1
403	400	1
403	402	3
412	57	1
412	223	3
412	264	2
412	265	3
412	279	1
412	384	2
418	57	1
418	180	2
418	199	1
418	263	1
418	342	1
418	350	1
418	357	1
418	400	2
418	402	3
418	403	3
437	57	3
437	107	1
437	108	1
437	210	1
437	223	3
437	252	1
437	263	1
437	279	2
437	280	1
437	357	1
437	384	1
437	403	1
556	57	1
556	223	2
556	264	1
556	265	2
556	384	1
556	412	2
612	57	1
612	108	1
612	490	1
758	57	1
758	107	1
758	195	2
758	263	1
758	280	1
758	403	1
758	437	1
758	619	2
758	620	2
891	57	1
891	612	1
891	613	1
1306	57	1
1306	252	1
1306	280	1
1306	1242	1
416	58	2
416	174	1
416	175	1
416	236	3
763	58	1
763	175	1
763	236	2
763	336	2
763	371	1
763	416	1
763	547	1
869	58	1
869	217	1
869	287	1
1533	58	1
1533	236	1
1533	416	1
1533	781	1
636	59	1
636	75	2
636	124	1
636	563	2
1293	59	1
1293	251	1
1293	378	1
1293	517	1
1293	770	1
1293	865	1
1693	59	1
1693	65	1
1693	98	1
1693	237	1
878	60	1
878	126	1
878	194	1
878	220	1
878	309	1
878	310	1
878	609	1
879	60	1
879	126	1
879	194	1
879	220	1
879	309	1
879	310	1
879	609	1
879	878	1
938	60	1
938	126	1
938	194	1
938	220	1
938	309	1
938	310	1
938	609	1
938	878	1
938	879	1
959	60	1
959	126	1
959	194	1
959	220	1
959	309	1
959	310	1
959	609	1
959	878	1
959	879	1
959	938	1
1597	60	1
1597	165	1
1597	1151	1
1634	60	1
1634	126	1
1634	309	1
1694	60	1
1694	116	1
596	63	2
596	83	1
596	96	1
596	141	1
596	255	2
596	287	2
596	292	2
596	294	1
596	493	1
596	545	1
1033	63	1
1033	608	1
1033	714	1
1033	833	1
1060	63	1
1061	63	1
1061	1060	1
1067	63	1
1067	469	1
1067	1066	1
1114	63	1
1114	469	1
1114	1066	1
1114	1067	1
1139	63	1
1139	608	1
1139	714	1
1139	833	1
1139	1033	1
1309	63	1
1309	255	1
1309	287	1
1309	292	1
1309	596	1
1309	987	1
1037	64	1
1037	104	1
1037	236	1
1037	266	1
1037	326	1
1037	345	1
1037	359	1
1037	420	1
1037	429	1
1037	469	1
1037	560	1
1037	933	1
1135	64	1
1135	104	1
1135	236	1
1135	359	1
1135	420	1
1135	560	1
1135	1037	1
1600	64	1
1601	64	1
1601	1600	1
761	68	2
761	165	1
761	186	1
761	195	1
761	341	1
761	581	1
821	68	1
821	72	1
821	341	1
821	427	1
821	467	1
900	68	1
900	186	1
900	341	1
900	581	1
900	761	1
937	68	1
937	129	1
937	180	1
937	226	1
937	597	1
937	761	1
937	910	1
937	936	1
983	68	1
983	186	1
983	341	1
983	581	1
983	761	1
983	900	1
1225	68	1
1225	761	1
1225	937	1
1225	1030	1
1311	68	1
1311	72	1
1311	341	1
1311	427	1
1311	467	1
1311	821	1
1525	68	1
1525	292	1
1525	427	1
744	70	1
744	100	1
744	101	1
744	104	1
744	205	2
744	238	1
744	266	1
1092	71	1
1092	72	1
1092	77	1
532	72	1
532	123	1
532	129	1
532	154	1
532	255	1
532	289	1
532	292	1
532	294	1
532	397	1
532	413	1
532	517	2
1646	72	1
1646	243	1
1646	558	1
1159	73	1
1159	200	1
1159	380	1
1159	381	1
1159	527	1
1159	661	1
683	74	1
683	349	1
683	613	1
683	682	2
1734	74	1
1734	217	1
431	75	1
431	376	3
431	377	2
431	405	1
563	75	2
629	75	1
629	570	2
1181	75	1
1181	431	1
1631	75	1
1631	1028	1
484	77	1
485	77	1
485	484	2
552	77	2
571	77	2
571	104	1
571	111	1
571	154	1
571	260	1
571	289	1
571	292	2
571	341	1
571	435	1
571	560	1
637	77	2
637	552	2
637	574	1
648	77	1
648	484	2
648	485	2
689	77	2
689	571	2
689	585	2
726	77	2
726	571	2
726	585	2
726	689	2
956	77	1
956	552	1
956	637	1
956	757	1
1422	78	1
1422	812	1
719	80	1
720	80	1
720	248	1
720	429	1
720	719	2
936	80	1
1171	80	1
1171	719	1
1171	720	1
1171	731	1
1431	80	1
1431	402	1
1431	581	1
1431	719	1
1431	720	1
1431	1171	1
1431	1305	1
1644	80	1
1644	936	1
1603	81	1
1603	367	1
1089	82	1
1089	224	1
1089	294	1
1166	82	1
1166	123	1
1166	224	1
1166	833	1
1166	1089	1
493	83	1
493	96	1
493	141	1
493	294	2
1038	98	1
1038	517	1
1038	560	1
1276	101	1
1276	447	1
1387	101	1
1387	425	1
1524	101	1
1524	144	1
1524	424	1
1524	863	1
1524	890	1
1524	899	1
1524	1042	1
1524	1043	1
1524	1099	1
1717	101	1
1717	425	1
1717	1387	1
295	102	4
295	114	1
295	186	1
295	216	1
295	254	1
861	102	1
861	104	1
861	154	1
861	260	1
861	289	1
861	292	1
861	295	1
861	469	1
861	571	1
861	572	1
861	574	1
861	661	1
861	675	1
861	676	1
907	102	1
908	102	1
908	907	1
1170	102	1
1170	295	1
1170	469	1
1170	861	1
1342	102	1
1342	295	1
1342	469	1
1342	861	1
1342	1170	1
1566	102	1
1566	295	1
1566	469	1
1566	861	1
1566	1170	1
1566	1342	1
288	104	2
288	111	1
288	188	4
288	232	2
288	246	1
289	104	1
289	129	4
289	154	1
289	260	1
471	104	1
471	115	2
471	177	1
471	209	1
471	459	1
572	104	1
572	154	1
572	260	1
572	289	1
572	292	1
572	435	1
572	571	2
877	104	1
877	115	1
877	177	1
877	209	1
877	315	1
877	449	1
877	459	1
877	470	1
877	471	1
877	537	1
877	568	1
877	569	1
877	608	1
942	104	1
942	154	1
942	260	1
942	289	1
942	292	1
942	571	1
942	572	1
942	661	1
942	861	1
1630	104	1
1630	205	1
1630	238	1
1630	266	1
1101	106	1
1101	608	1
1101	714	1
1176	106	1
1176	586	1
1176	608	1
1176	714	1
1176	1101	1
171	107	1
171	170	6
179	107	1
179	170	5
179	171	6
179	173	5
515	107	2
515	173	2
515	514	2
536	107	1
536	353	2
536	419	1
536	457	1
384	108	1
384	223	3
384	264	2
384	265	2
384	279	2
384	357	1
400	108	1
400	180	3
400	199	1
430	108	1
430	180	3
430	400	3
430	402	1
430	403	1
430	418	1
650	108	2
711	108	2
711	650	2
1277	110	1
1277	564	1
1277	833	1
1277	1193	1
1281	111	1
1281	142	1
1281	1280	1
1647	111	1
1647	473	1
1647	558	1
1647	1006	1
1586	113	1
1586	259	1
470	114	1
470	115	1
470	255	1
470	315	1
470	342	1
470	402	1
470	449	2
1016	114	1
1160	114	1
1160	115	1
1160	304	1
1199	114	1
1199	517	1
1200	114	1
1200	517	1
1200	1199	1
1737	114	1
1737	1016	1
459	115	1
459	148	2
459	149	3
459	315	1
459	413	1
528	115	1
528	137	1
528	138	1
528	195	2
528	233	2
528	286	2
528	353	1
537	115	1
537	247	1
537	315	2
537	449	1
537	470	1
659	115	2
659	304	1
660	115	2
660	304	1
660	659	2
866	115	1
866	459	1
866	471	1
866	647	1
1070	115	1
1070	659	1
1070	660	1
1070	822	1
1195	115	1
1195	195	1
1417	115	1
1417	195	1
1417	1195	1
1708	115	1
1708	659	1
1708	660	1
1708	822	1
1708	1070	1
989	117	1
989	284	1
544	120	1
544	482	2
768	120	1
768	482	2
768	544	2
785	120	2
991	120	1
991	482	1
991	544	1
991	768	1
1003	120	1
1003	785	1
1003	839	1
1141	120	1
1141	785	1
1681	121	1
1681	665	1
1702	121	1
1702	146	1
1489	122	1
1731	122	1
1731	1489	1
397	123	1
397	186	1
397	255	1
397	292	1
397	294	2
397	376	1
397	396	3
1069	123	1
1069	255	1
1069	294	1
1069	397	1
1069	517	1
1069	532	1
1069	634	1
1102	123	1
1102	608	1
1465	123	1
1465	608	1
1465	1102	1
791	124	1
791	129	1
791	161	1
791	261	2
968	124	1
968	462	1
1336	124	1
1336	407	1
1339	124	1
1339	246	1
1339	608	1
1462	124	1
1462	246	1
1462	608	1
1462	1339	1
343	128	3
348	128	3
399	128	1
399	343	3
399	385	3
410	128	3
410	348	3
658	128	2
658	343	2
658	385	1
658	399	1
888	128	1
888	250	1
888	483	1
888	486	1
889	128	1
889	483	1
889	486	1
889	888	1
961	128	1
961	343	1
961	385	1
961	399	1
961	658	1
962	128	1
962	343	1
962	385	1
962	399	1
962	658	1
962	961	1
1323	128	1
1323	483	1
1323	486	1
1323	888	1
1323	889	1
1362	128	1
1362	343	1
1362	658	1
1669	128	1
1669	343	1
1684	128	1
1684	483	1
1684	486	1
1684	888	1
1684	889	1
1684	1323	1
398	129	3
417	129	3
417	398	3
565	129	2
565	289	2
616	129	2
616	289	2
616	565	2
616	566	2
621	129	2
621	169	1
621	289	2
621	491	1
621	565	2
621	566	2
621	616	2
1411	129	1
1411	180	1
1411	400	1
1411	430	1
1411	564	1
1411	791	1
138	137	7
1454	137	1
1454	138	1
402	139	1
402	180	2
402	275	1
402	350	1
402	400	1
709	139	2
709	264	2
709	296	2
874	139	1
874	318	1
874	387	1
874	477	1
875	139	1
875	318	1
875	387	1
875	477	1
875	874	1
1541	139	1
1541	299	1
1541	665	1
1749	140	1
1749	801	1
189	143	4
189	144	6
189	164	2
338	143	3
338	144	3
338	164	1
338	189	3
525	143	2
525	144	1
525	189	2
525	315	1
525	360	1
724	143	2
724	144	2
911	143	1
911	144	1
1546	143	1
1546	338	1
1753	143	1
1753	144	1
1753	731	1
762	144	2
762	189	2
1663	144	1
1663	189	1
1757	145	1
1757	1322	1
539	146	2
539	147	2
539	204	1
1331	146	1
1331	200	1
1331	280	1
1660	146	1
1660	200	1
1660	280	1
1660	1331	1
1689	146	1
1689	147	1
1689	539	1
1638	147	1
1688	147	1
1688	221	1
1755	147	1
1755	1638	1
1202	148	1
1202	255	1
1202	294	1
1202	311	1
1202	782	1
1202	1089	1
1493	148	1
1493	149	1
1493	459	1
1493	608	1
1725	148	1
1725	311	1
1725	560	1
1725	786	1
950	149	1
950	266	1
950	311	1
950	733	1
950	865	1
1071	149	1
1071	266	1
1071	311	1
1071	733	1
1071	865	1
1071	950	1
1076	149	1
1076	266	1
1076	311	1
1076	733	1
1076	865	1
1076	950	1
1076	1071	1
1364	149	1
1364	266	1
1364	311	1
1364	733	1
1364	865	1
1364	950	1
1364	1071	1
1364	1076	1
1364	1128	1
1513	151	1
1513	225	1
1543	151	1
1543	225	1
1543	1016	1
1543	1017	1
1543	1513	1
349	154	1
349	245	1
349	299	3
349	319	1
349	345	1
1034	154	1
1034	232	1
1034	396	1
1034	710	1
1036	154	1
1036	345	1
1036	349	1
1040	154	1
1040	185	1
1040	260	1
1040	294	1
1040	435	1
1040	558	1
1040	907	1
1040	933	1
1040	974	1
1041	154	1
1041	185	1
1041	260	1
1041	435	1
1041	1040	1
1300	154	1
1300	192	1
1300	224	1
1300	255	1
1300	266	1
1300	292	1
1300	345	1
1300	349	1
1300	391	1
1300	469	1
1300	560	1
1300	1036	1
1409	154	1
1409	185	1
1409	500	1
1409	527	1
1479	154	1
1479	185	1
947	158	1
947	159	1
947	305	1
947	441	1
1083	158	1
1083	159	1
1083	305	1
1083	441	1
1083	947	1
1394	158	1
1394	159	1
1394	305	1
1394	441	1
1394	947	1
1394	1083	1
496	159	1
496	326	2
496	327	2
496	495	2
1307	159	1
1307	305	1
1307	441	1
1659	159	1
1659	496	1
813	161	1
813	169	1
813	288	1
813	292	1
813	294	2
813	461	1
813	517	1
813	647	1
813	754	1
673	162	1
673	414	2
673	672	2
1384	162	1
1384	163	1
1384	277	1
1384	299	1
1384	433	1
1639	162	1
1639	1615	1
487	164	2
487	189	2
487	338	1
1008	164	1
1008	189	1
1008	318	1
1008	338	1
1008	487	1
1008	679	1
1338	164	1
1338	265	1
1338	759	1
1353	164	1
1353	189	1
1353	338	1
1353	487	1
1353	1008	1
1608	164	1
1608	189	1
1608	487	1
1765	164	1
1765	1338	1
346	165	3
347	165	3
347	346	3
450	165	3
450	302	1
510	165	2
510	450	2
725	165	2
725	302	1
725	450	2
725	510	1
1642	165	1
1643	165	1
1643	1642	1
1677	165	1
1677	195	1
1677	761	1
520	170	2
520	205	2
520	223	1
520	249	1
520	285	1
227	171	1
227	179	2
422	171	3
422	227	1
422	242	2
422	326	2
522	171	1
522	227	1
522	326	1
522	422	1
522	430	1
522	473	1
522	521	2
559	171	2
559	227	1
559	228	1
559	291	1
559	326	2
559	422	2
559	424	1
559	473	1
559	522	1
680	171	1
680	227	1
680	326	1
680	422	1
680	473	1
680	522	2
680	559	1
681	171	1
681	227	1
681	326	1
681	422	1
681	473	1
681	522	2
681	559	1
681	680	2
710	171	1
710	179	1
710	242	1
710	422	2
710	645	1
1279	176	1
1279	845	1
1356	176	1
1356	624	1
1356	625	1
1356	732	1
1356	1104	1
1357	176	1
1357	1356	1
1670	176	1
1670	1356	1
1670	1357	1
228	179	2
228	227	5
291	179	2
291	227	3
291	228	4
386	179	2
386	227	3
386	228	3
386	291	2
475	179	2
475	227	2
475	228	2
475	291	2
475	386	2
685	179	2
685	227	2
685	228	2
685	291	2
685	386	2
685	475	2
685	610	2
685	611	2
1428	180	1
1428	613	1
1428	1346	1
772	182	1
772	473	2
772	738	1
1258	182	1
1258	473	1
1258	772	1
795	184	1
795	332	1
795	467	2
1098	186	1
1098	266	1
1098	295	1
1098	933	1
1098	1037	1
1406	186	1
1406	292	1
1406	397	1
1406	420	1
1520	186	1
1520	292	1
1520	397	1
1520	420	1
1520	1406	1
1211	191	1
1211	808	1
1507	191	1
1604	191	1
1604	1507	1
1049	192	1
1049	740	1
1330	192	1
1330	740	1
1330	1049	1
286	195	1
286	233	4
286	234	2
395	195	3
395	287	3
619	195	2
620	195	2
620	619	2
823	195	1
898	195	1
898	619	1
898	620	1
898	758	1
1436	195	1
1436	823	1
1010	196	1
1010	319	1
1203	196	1
1203	694	1
1271	196	1
1271	319	1
1324	196	1
1324	319	1
1324	1271	1
1349	197	1
1349	198	1
1349	309	1
1349	739	1
1349	740	1
1349	1001	1
921	199	1
922	199	1
922	921	1
971	199	1
971	400	1
971	418	1
1304	199	1
1304	400	1
1304	418	1
1304	472	1
1304	971	1
1304	1177	1
860	200	1
860	255	1
1064	200	1
1064	280	1
1064	833	1
1064	936	1
1064	937	1
727	202	1
728	202	1
728	271	1
728	727	2
940	202	1
940	322	1
940	687	1
940	750	1
940	780	1
940	939	1
1096	202	1
1096	322	1
1096	691	1
1106	202	1
1106	322	1
1106	687	1
1106	750	1
1106	780	1
1106	940	1
1327	202	1
1327	322	1
1327	687	1
1327	750	1
1327	780	1
1327	940	1
1327	1096	1
1327	1106	1
1344	202	1
1344	322	1
1344	687	1
1344	750	1
1344	780	1
1344	940	1
1344	1106	1
1344	1327	1
598	203	2
598	297	1
598	438	2
748	203	2
748	248	1
748	297	1
748	429	1
748	438	2
748	598	2
748	665	2
748	720	1
817	203	1
817	438	1
817	598	1
817	665	1
817	748	1
1622	208	1
1622	314	1
1301	209	1
1301	293	1
1301	294	1
1301	555	1
1301	1095	1
1301	1142	1
1340	209	1
1340	413	1
1340	460	1
1756	209	1
1756	292	1
1023	210	1
1023	219	1
1023	359	1
1023	376	1
1062	210	1
1062	219	1
1062	359	1
1062	376	1
1062	1023	1
902	212	1
902	213	1
1440	216	1
1440	295	1
1440	382	1
1440	574	1
779	219	2
779	263	2
1534	221	1
654	223	1
654	520	2
655	223	1
655	520	2
655	654	2
910	226	1
1045	226	1
1045	910	1
1045	937	1
1232	226	1
1232	910	1
1232	937	1
1232	1045	1
1391	226	1
1391	910	1
1391	937	1
1391	1045	1
1391	1232	1
1435	226	1
1435	910	1
1435	937	1
1435	1045	1
1435	1232	1
1435	1391	1
476	227	2
476	228	2
476	294	1
476	315	1
476	386	1
424	228	1
424	245	2
424	291	3
424	408	1
1461	229	1
1461	442	1
1722	229	1
1722	540	1
548	231	1
548	357	2
548	358	2
1299	232	1
1299	255	1
1573	232	1
1573	250	1
1573	255	1
1573	888	1
1573	1299	1
1682	232	1
1682	574	1
595	233	1
595	353	2
595	385	1
595	457	1
995	236	1
995	294	1
995	932	1
1113	236	1
1113	294	1
1113	932	1
1113	995	1
1120	236	1
1120	294	1
1120	932	1
1120	995	1
1120	1113	1
1569	236	1
1569	294	1
1569	932	1
1569	995	1
1569	1113	1
1569	1120	1
1654	236	1
1654	1030	1
1690	236	1
1690	1030	1
1690	1654	1
1518	237	1
1743	237	1
1743	1518	1
1265	238	1
1265	741	1
1468	243	1
1468	311	1
1468	529	1
1468	605	1
1468	786	1
1155	244	1
1155	318	1
1155	581	1
1289	244	1
1289	354	1
1619	244	1
1619	318	1
1619	581	1
1619	1155	1
852	245	1
852	299	1
852	349	1
1022	245	1
1022	408	1
1022	499	1
1025	245	1
1026	245	1
1026	1025	1
1308	245	1
1308	436	1
1308	505	1
1308	663	1
1315	245	1
1315	436	1
1315	505	1
1315	663	1
1315	1308	1
1412	245	1
1412	408	1
1412	499	1
1412	1022	1
1762	245	1
1762	385	1
1004	246	1
1004	264	1
1004	296	1
600	249	2
600	293	2
1031	249	1
1031	273	1
1031	285	1
1031	420	1
1031	603	1
1031	647	1
1065	249	1
1065	1028	1
1244	249	1
1244	285	1
1441	249	1
1442	249	1
1442	1441	1
1275	250	1
1275	457	1
1463	250	1
1463	457	1
1136	254	1
1136	255	1
1136	607	1
1136	764	1
1542	254	1
1542	255	1
1542	460	1
829	255	1
829	545	1
829	782	1
830	255	1
830	545	1
830	782	1
830	829	1
930	255	1
941	255	1
941	304	1
941	311	1
941	326	1
941	530	1
941	930	1
941	931	1
1420	255	1
1420	311	1
1420	326	1
1420	359	1
1420	560	1
1420	941	1
1420	1370	1
1437	255	1
1437	359	1
1437	420	1
1572	255	1
1572	359	1
1572	420	1
1572	1437	1
1562	257	1
1562	524	1
494	264	2
494	265	2
933	266	1
933	907	1
979	266	1
979	326	1
1243	266	1
1243	597	1
1571	266	1
1571	341	1
1499	267	1
1499	452	1
1499	1109	1
1499	1110	1
1499	1194	1
853	271	1
1326	271	1
1326	599	1
1360	271	1
1360	853	1
1408	271	1
1408	853	1
1408	1360	1
1526	271	1
1526	853	1
1526	1360	1
1526	1408	1
1582	271	1
1582	853	1
1582	1360	1
1582	1408	1
1582	1526	1
1587	271	1
1587	322	1
1587	599	1
1587	1326	1
1587	1402	1
688	272	1
688	687	2
1237	274	1
1267	274	1
1267	1237	1
1268	274	1
1268	1237	1
1268	1267	1
1238	275	1
1238	564	1
1238	630	1
1238	978	1
1764	284	1
1770	284	1
1770	1764	1
377	288	1
377	376	3
1185	288	1
1185	813	1
1185	1180	1
996	290	1
1217	290	1
1217	996	1
1218	290	1
1218	996	1
1218	1217	1
1512	290	1
1512	996	1
1512	1217	1
1512	1218	1
478	291	2
478	424	2
479	291	2
479	424	2
479	478	2
1361	292	1
1361	571	1
1361	574	1
1626	292	1
1626	735	1
1333	294	1
1333	517	1
1333	813	1
1510	294	1
1510	1089	1
1510	1202	1
1510	1494	1
1627	294	1
1627	493	1
1627	985	1
1720	294	1
1720	646	1
1720	1132	1
1046	295	1
1047	295	1
1047	1046	1
747	299	2
747	349	2
747	404	2
1147	299	1
1147	349	1
1147	404	1
1147	747	1
1460	299	1
1460	349	1
1460	404	1
1460	747	1
1537	299	1
1537	315	1
1537	497	1
1537	693	1
980	300	1
1039	300	1
1039	980	1
1692	300	1
1692	980	1
1692	1039	1
1692	1224	1
1256	303	1
1256	1255	1
530	304	2
1403	309	1
1403	1349	1
1476	309	1
1476	1349	1
1476	1403	1
1451	314	1
1451	1450	1
1077	315	1
1077	342	1
1077	470	1
1434	316	1
1678	316	1
1678	1434	1
797	318	1
797	649	2
1129	318	1
1129	679	1
1129	1008	1
1212	318	1
1212	535	1
1212	581	1
896	322	1
896	323	1
897	322	1
897	323	1
897	896	1
953	322	1
953	323	1
953	896	1
953	897	1
1020	322	1
1020	323	1
1020	896	1
1020	897	1
1020	953	1
1079	322	1
1079	687	1
1118	322	1
1341	322	1
1341	323	1
1341	896	1
1341	897	1
1341	953	1
1341	1020	1
1402	322	1
1402	1355	1
1683	322	1
1683	323	1
1683	896	1
1683	897	1
1683	953	1
1683	1020	1
1683	1341	1
1721	322	1
1721	1118	1
495	326	2
495	327	2
1105	326	1
1105	327	1
1105	495	1
1105	496	1
1105	593	1
1117	326	1
1117	327	1
1117	495	1
1117	496	1
1117	593	1
1551	326	1
1551	986	1
1738	327	1
1738	1383	1
1540	329	1
1540	540	1
1540	734	1
1540	1539	1
981	333	1
981	334	1
1148	333	1
1148	334	1
1148	981	1
1495	335	1
1495	369	1
1235	338	1
1236	338	1
1236	1235	1
1388	338	1
1388	447	1
1555	338	1
1555	1235	1
1555	1236	1
1142	340	1
1142	555	1
1635	340	1
1635	1142	1
1221	342	1
1222	342	1
1222	1221	1
1605	343	1
1612	343	1
1612	782	1
1612	1202	1
1612	1605	1
1590	349	1
1590	683	1
1204	350	1
1204	402	1
1204	403	1
1204	418	1
1574	350	1
1574	402	1
1574	403	1
1574	418	1
1574	1204	1
623	353	2
623	419	1
623	536	1
1610	354	1
1611	354	1
1611	649	1
1611	797	1
1611	1610	1
454	357	1
454	453	3
549	357	1
549	358	1
549	548	2
1413	357	1
1413	358	1
1413	548	1
686	358	2
686	359	1
686	568	1
686	569	1
923	358	1
923	359	1
923	686	1
945	358	1
946	358	1
946	945	1
1262	358	1
1262	359	1
1262	1030	1
1516	358	1
1516	568	1
1602	358	1
1602	945	1
1602	946	1
1249	359	1
1249	420	1
1249	427	1
1370	359	1
1370	560	1
1400	359	1
1400	420	1
1400	427	1
1400	493	1
1400	839	1
1400	1249	1
1592	359	1
1592	545	1
1652	360	1
1652	1266	1
625	365	1
625	624	2
773	365	1
773	624	1
773	625	2
1303	372	1
1303	460	1
949	376	1
949	608	1
1163	376	1
1163	1162	1
1164	376	1
1164	608	1
1164	949	1
502	381	2
502	501	2
904	382	1
905	382	1
905	904	1
917	382	1
917	468	1
917	604	1
1018	382	1
1018	904	1
1018	905	1
1686	382	1
1686	1440	1
1090	385	1
1091	385	1
1091	1090	1
1154	385	1
1154	1090	1
1154	1091	1
1285	385	1
1286	385	1
1286	1285	1
1471	385	1
1471	1285	1
1471	1286	1
1179	389	1
1280	389	1
1280	1179	1
1515	394	1
1515	1283	1
554	396	2
554	397	1
1365	396	1
1365	554	1
1522	396	1
1522	646	1
1305	402	1
1427	402	1
1427	470	1
1714	402	1
1714	470	1
1714	1427	1
846	408	1
846	484	1
846	485	1
846	490	1
846	648	1
671	413	1
671	419	1
671	457	1
671	505	2
671	538	2
1506	413	1
1506	420	1
738	416	1
738	473	2
843	419	1
843	457	1
843	671	1
871	419	1
871	457	1
871	671	1
871	843	1
1019	420	1
1386	420	1
1386	1019	1
1093	422	1
1145	422	1
1145	437	1
1145	817	1
1145	1093	1
1145	1144	1
1205	422	1
1205	1093	1
1205	1145	1
1707	422	1
1707	710	1
863	424	1
890	424	1
890	863	1
899	424	1
899	863	1
899	890	1
1042	424	1
1042	863	1
1042	890	1
1042	899	1
1043	424	1
1043	863	1
1043	890	1
1043	899	1
1043	1042	1
1057	424	1
1057	451	1
1099	424	1
1099	863	1
1099	890	1
1099	899	1
1099	1042	1
1099	1043	1
1363	424	1
1363	517	1
1363	1259	1
1679	428	1
1679	433	1
745	429	1
745	607	2
521	430	1
1169	437	1
1169	1145	1
858	450	1
858	473	1
1567	450	1
1567	858	1
1247	451	1
1424	451	1
1424	1247	1
706	453	2
706	454	2
851	453	1
1314	453	1
1314	454	1
1475	453	1
1475	851	1
1593	459	1
1594	459	1
1594	1593	1
1754	460	1
1754	641	1
590	466	2
590	467	2
590	553	1
1177	472	1
1648	472	1
1648	1177	1
1648	1304	1
859	473	1
859	858	1
1320	473	1
1320	522	1
1320	680	1
1320	681	1
1500	473	1
1500	858	1
1500	859	1
1509	473	1
1509	858	1
1509	859	1
1509	1500	1
1732	473	1
1732	1006	1
1732	1647	1
870	482	1
870	544	1
870	768	1
1254	484	1
1254	485	1
1254	546	1
1254	648	1
1254	846	1
1254	849	1
1254	850	1
1254	1220	1
1466	484	1
1771	484	1
1771	1466	1
973	486	1
973	972	1
1084	488	1
1084	1048	1
1085	488	1
1085	1048	1
1085	1084	1
1523	488	1
1523	1048	1
1523	1084	1
1523	1085	1
651	490	2
651	491	2
849	490	1
849	546	1
1239	490	1
1239	846	1
1240	490	1
1240	574	1
1240	637	1
1240	846	1
1240	1239	1
1395	490	1
1395	849	1
1415	490	1
1415	849	1
1415	1395	1
628	497	2
884	497	1
884	574	1
1140	497	1
1140	628	1
1735	497	1
1735	628	1
1504	508	1
1504	509	1
803	514	2
803	515	2
967	519	1
967	735	1
951	520	1
951	535	1
951	932	1
862	521	1
862	522	1
862	564	1
1321	521	1
1321	522	1
1321	564	1
1321	862	1
1228	529	1
1228	560	1
1250	535	1
1250	581	1
1742	535	1
1742	581	1
1742	1250	1
850	546	1
850	849	1
1220	546	1
1220	849	1
1220	850	1
1583	555	1
1583	1142	1
1583	1301	1
943	571	1
1759	571	1
1759	943	1
675	574	2
676	574	2
676	675	2
867	574	1
867	675	1
867	676	1
1485	580	1
1485	881	1
1680	581	1
1680	1431	1
584	583	2
644	583	2
644	584	2
645	583	2
645	584	2
645	644	2
1213	586	1
1214	586	1
1214	1213	1
1596	586	1
1596	1176	1
1469	602	1
1469	857	1
764	607	2
764	745	1
1416	607	1
1416	745	1
1416	764	1
611	610	2
906	610	1
906	611	1
906	685	1
970	624	1
970	732	1
1104	624	1
1104	625	1
1104	732	1
1425	624	1
1425	625	1
1425	773	1
657	641	2
1508	641	1
1508	657	1
1508	1455	1
1773	641	1
1773	657	1
746	645	1
746	710	2
1233	671	1
1233	710	1
1368	671	1
1368	1233	1
1578	671	1
1704	671	1
1704	1578	1
1704	1674	1
1726	675	1
1727	675	1
1727	1726	1
703	682	2
703	683	1
1197	682	1
1197	683	1
1197	703	1
1457	682	1
1457	703	1
1581	682	1
1581	683	1
1672	684	1
1673	684	1
1673	1672	1
1056	687	1
1056	688	1
1576	687	1
1576	688	1
1576	1056	1
1576	1080	1
1576	1448	1
1576	1498	1
1561	699	1
1618	699	1
1618	1561	1
1035	710	1
1035	1034	1
1219	710	1
1219	746	1
1234	710	1
1234	1233	1
1492	710	1
1492	1233	1
1492	1234	1
1599	710	1
1599	1034	1
1599	1035	1
1667	710	1
1667	1233	1
1667	1234	1
1667	1492	1
717	716	2
809	716	2
809	717	2
723	722	2
1651	722	1
1651	723	1
1651	1289	1
1651	1290	1
1536	727	1
1536	728	1
1687	731	1
1687	1171	1
1001	739	1
1001	740	1
1514	739	1
1514	740	1
1514	1001	1
1514	1349	1
965	743	1
1633	743	1
1633	965	1
1633	1450	1
1027	771	1
1188	771	1
1188	1027	1
1531	771	1
1531	1027	1
1531	1188	1
1763	771	1
1763	1027	1
1763	1188	1
1763	1531	1
1554	812	1
1656	812	1
1656	1554	1
1161	816	1
1419	816	1
1419	1161	1
1661	817	1
1661	1145	1
1369	833	1
1369	1095	1
1591	845	1
1591	1397	1
1011	864	1
1695	864	1
1695	1011	1
1187	865	1
1392	865	1
1392	1187	1
1392	1192	1
1393	865	1
1393	1187	1
1393	1192	1
1393	1392	1
883	882	1
1430	882	1
1430	883	1
928	927	1
976	927	1
976	928	1
977	927	1
977	928	1
977	976	1
931	930	1
1449	931	1
1449	978	1
1616	936	1
1616	937	1
1616	1064	1
1719	939	1
1719	940	1
958	957	1
1655	957	1
1655	958	1
964	963	1
1144	963	1
1144	964	1
1410	969	1
1439	969	1
1439	1410	1
1628	985	1
1628	1627	1
1229	993	1
1423	993	1
1423	1229	1
1012	1011	1
1658	1011	1
1658	1012	1
1167	1012	1
1168	1012	1
1168	1167	1
1298	1012	1
1298	1167	1
1298	1168	1
1298	1284	1
1517	1012	1
1517	1167	1
1517	1168	1
1517	1284	1
1517	1298	1
1017	1016	1
1560	1030	1
1595	1030	1
1595	1529	1
1614	1030	1
1614	1560	1
1380	1049	1
1381	1049	1
1381	1380	1
1051	1050	1
1505	1050	1
1505	1051	1
1059	1058	1
1664	1058	1
1664	1059	1
1498	1080	1
1498	1448	1
1703	1080	1
1703	1448	1
1703	1498	1
1703	1576	1
1087	1086	1
1676	1086	1
1676	1087	1
1110	1109	1
1653	1138	1
1718	1138	1
1718	1653	1
1385	1144	1
1385	1145	1
1452	1144	1
1452	1145	1
1452	1385	1
1588	1144	1
1588	1145	1
1588	1385	1
1588	1452	1
1150	1149	1
1769	1149	1
1769	1150	1
1158	1157	1
1317	1157	1
1317	1158	1
1253	1252	1
1705	1252	1
1705	1253	1
1264	1263	1
1637	1263	1
1637	1264	1
1274	1273	1
1348	1273	1
1348	1274	1
1701	1280	1
1701	1281	1
1290	1289	1
1313	1312	1
1511	1312	1
1511	1313	1
1629	1312	1
1629	1313	1
1629	1511	1
1552	1355	1
1552	1402	1
1399	1398	1
1429	1398	1
1429	1399	1
1464	1398	1
1464	1399	1
1464	1429	1
1405	1404	1
1761	1404	1
1761	1405	1
1482	1481	1
1750	1481	1
1750	1482	1
1491	1490	1
1538	1490	1
1538	1491	1
1503	1502	1
1550	1502	1
1550	1503	1
1535	1534	1
1641	1534	1
1641	1535	1
1766	1539	1
1766	1540	1
1559	1558	1
1668	1558	1
1668	1559	1
1565	1564	1
1665	1564	1
1665	1565	1
1697	1696	1
1713	1696	1
1713	1697	1
1747	1746	1
1748	1746	1
1748	1747	1
